40
300
15
11

16 15 6 12 6 12 3 15 3 14 16 11 11 7 13 15 8 3 19 14 20 15 14 11 12 10 16 2 16 8 10 13 6 17 9 7 5 19 18 12 
0 25 10 36 15 25 4 13 0 28 10 22 8 32 24 
2 2 2 5 2 3 3 4 3 4 2 3 1 3 3 4 2 4 4 3 5 2 4 4 1 1 3 4 1 1 5 5 4 3 2 2 4 1 4 1 5 5 4 4 1 4 2 5 1 4 4 4 2 2 2 3 5 5 1 5 3 3 2 3 2 2 5 1 1 5 3 1 4 2 4 2 2 2 2 1 3 1 2 5 5 3 4 5 4 5 4 5 3 4 5 2 4 4 1 3 1 4 4 2 1 3 4 2 5 5 5 3 5 2 4 5 2 2 1 2 1 2 3 3 1 5 1 4 2 2 3 1 1 5 1 4 3 2 4 1 1 3 2 5 1 5 2 2 3 5 4 4 4 5 1 3 3 2 1 1 2 3 1 3 5 3 2 2 5 3 5 2 3 2 5 1 1 3 5 2 1 2 2 2 3 2 3 4 2 5 3 1 1 1 5 1 5 4 1 2 3 3 5 4 3 5 5 3 1 1 1 2 1 1 2 3 3 3 1 3 2 3 2 1 4 2 1 2 1 3 4 5 4 5 2 5 3 5 4 1 3 5 2 5 3 5 4 1 1 4 3 2 3 4 3 3 5 2 5 2 3 2 1 4 1 2 5 1 1 2 1 3 1 4 4 1 4 3 2 1 3 5 5 5 5 5 4 4 1 2 4 2 1 1 2 3 1 3 4 5 
5 0 4 8 4 2 10 9 0 8 14 3 11 10 2 14 5 0 9 12 13 12 2 5 13 0 3 13 10 14 7 10 7 7 14 2 3 3 11 13 1 14 11 0 4 7 5 5 9 8 13 4 3 13 1 4 11 1 9 9 5 14 1 4 2 4 12 13 9 0 8 8 8 0 2 5 10 7 1 6 3 11 8 8 9 3 2 1 12 14 6 2 11 7 6 14 6 0 11 13 4 7 14 7 3 13 12 8 11 9 0 7 2 7 4 1 9 7 12 5 10 9 1 9 11 7 4 5 10 4 12 2 13 3 9 9 2 7 8 1 11 0 2 1 11 7 14 2 9 9 0 10 5 2 6 8 14 12 9 5 2 12 12 2 13 0 13 9 14 6 14 10 7 4 3 5 8 14 1 1 8 13 6 5 13 11 3 2 3 0 1 10 3 3 7 1 1 8 0 0 0 13 1 10 4 4 3 12 14 3 14 7 9 7 0 12 1 7 8 11 10 0 2 11 0 10 6 11 0 11 6 8 8 10 2 10 7 1 11 11 10 14 13 9 2 6 4 8 14 12 7 13 5 5 6 2 2 7 14 2 6 6 3 4 3 7 14 3 12 2 11 6 4 5 6 2 9 6 5 7 5 14 6 14 13 6 4 10 11 6 12 14 12 11 13 0 1 2 2 4 

0 0 1 1 1 1 0 0 1 0 1 1 1 0 0 0 0 0 1 0 1 1 0 0 1 0 1 0 1 0 0 1 0 0 0 0 0 1 1 0 0 0 0 1 1 0 0 1 1 0 0 0 0 0 1 1 0 0 1 1 1 0 0 0 1 1 0 1 1 0 1 0 1 1 1 1 1 0 0 1 0 1 0 0 1 1 1 0 1 1 1 0 1 1 0 1 0 0 0 1 1 0 1 0 0 0 1 0 0 1 0 0 0 0 0 0 1 0 1 0 0 0 0 0 1 1 0 0 0 1 0 1 1 1 0 1 0 1 0 0 0 1 0 0 0 0 1 1 1 0 1 0 0 0 0 0 0 1 1 0 0 1 0 0 1 0 1 0 0 1 0 1 0 0 1 1 1 1 1 0 0 0 0 0 0 0 1 0 1 0 0 0 1 1 1 0 1 0 0 0 1 0 0 1 0 1 1 0 1 1 1 1 0 0 0 0 0 0 1 1 0 0 0 0 1 1 0 1 0 1 1 1 0 1 0 0 0 1 1 0 0 0 1 1 1 0 1 0 1 0 0 1 1 1 1 0 1 0 0 0 0 0 0 0 1 0 1 0 0 0 1 1 0 1 1 0 0 0 0 1 1 1 0 0 1 1 1 0 0 0 1 0 0 1 0 0 1 0 0 1 
0 0 0 1 0 1 0 0 1 1 0 1 1 0 0 1 1 1 1 1 1 0 1 0 1 0 1 0 1 0 0 0 0 0 0 0 0 0 1 0 1 0 1 0 1 0 1 0 1 0 1 1 0 0 1 1 1 0 1 0 0 0 0 1 1 1 0 0 0 1 0 1 1 1 1 1 1 0 0 1 0 1 1 1 0 1 0 0 1 1 1 0 1 1 1 1 0 1 1 0 1 0 1 0 0 1 1 0 1 0 1 0 1 1 0 0 0 0 0 1 0 0 1 0 0 0 0 1 0 1 1 0 0 1 0 1 1 0 1 0 0 1 0 1 1 1 0 0 0 0 1 0 0 0 0 1 0 0 1 1 1 0 0 0 0 1 0 1 1 0 0 1 0 0 1 1 1 0 1 0 1 0 0 1 0 0 1 0 1 1 1 0 0 1 0 1 1 0 0 1 0 1 1 1 0 1 1 1 0 0 1 0 0 0 0 1 1 0 1 1 1 0 1 0 1 0 0 1 0 1 0 0 0 1 0 0 1 0 1 1 1 0 0 1 1 0 0 0 1 0 0 0 0 1 1 0 1 0 1 1 1 0 1 0 0 0 1 1 0 1 1 0 0 0 0 0 1 1 0 0 0 1 0 0 0 1 1 0 0 0 1 0 0 1 0 0 1 1 1 0 
1 0 1 0 0 0 0 1 0 0 0 1 0 1 0 0 0 0 1 0 0 1 0 1 1 1 0 1 1 0 0 0 0 0 1 0 0 0 0 1 0 1 0 1 1 0 0 1 0 0 0 0 0 0 0 0 1 0 0 1 1 0 0 1 0 0 0 0 0 0 1 0 0 1 0 1 0 0 1 0 0 1 1 1 0 1 0 0 0 0 1 0 0 0 0 1 1 1 1 1 1 0 1 0 0 0 1 0 0 1 1 0 0 0 0 0 0 0 1 0 0 0 1 1 1 0 0 1 0 0 1 0 0 1 1 0 1 1 0 0 0 1 0 1 1 1 0 0 1 0 0 0 0 1 0 1 0 0 1 1 1 0 0 0 1 1 0 0 0 0 0 0 1 0 0 1 1 0 0 0 0 0 0 0 0 1 1 0 1 0 1 0 0 1 0 0 0 0 0 0 0 1 0 0 0 1 1 0 0 1 0 0 1 0 1 0 1 0 0 1 0 0 0 0 0 1 0 0 1 0 0 0 1 1 1 0 1 0 1 0 1 0 0 0 0 0 1 0 1 0 0 0 0 1 1 0 0 0 0 0 0 0 0 0 1 1 1 0 1 1 0 1 0 1 1 0 1 1 1 1 0 0 0 0 0 0 0 0 1 1 0 0 1 1 1 1 1 1 0 1 
0 0 1 0 0 1 0 0 1 0 0 1 0 0 0 0 0 0 0 0 1 1 1 0 1 1 1 1 1 1 0 0 0 0 0 1 0 0 1 1 0 0 1 0 1 0 0 1 1 1 1 1 0 0 1 0 1 0 1 0 0 0 0 1 1 1 0 1 1 1 1 0 1 1 0 1 1 0 0 0 0 1 0 0 1 1 0 0 1 0 1 0 0 1 1 0 0 0 1 0 1 1 1 1 1 0 0 1 0 1 1 1 1 0 0 0 0 0 0 1 1 0 1 0 1 0 1 1 1 1 1 1 0 0 0 1 1 1 0 0 0 0 0 0 0 0 0 0 1 0 1 0 1 0 1 0 0 1 0 1 1 0 0 0 0 1 0 0 1 0 0 0 1 0 1 1 0 1 0 0 0 0 1 0 0 1 0 1 1 0 0 0 1 1 0 1 1 1 0 0 0 1 1 1 0 1 0 0 0 1 1 1 0 0 1 0 1 0 1 0 0 1 0 0 0 0 0 0 1 1 1 1 0 1 1 0 1 0 0 1 1 1 0 0 0 1 0 1 0 0 0 0 0 0 1 1 1 0 0 0 0 0 0 0 1 0 1 0 0 1 1 1 1 1 1 0 0 1 0 1 1 1 1 1 0 1 1 0 0 1 0 0 0 1 0 1 1 0 1 1 
0 0 1 0 0 1 0 0 1 0 0 1 0 0 0 0 0 1 1 0 0 0 0 0 1 1 1 0 1 0 1 0 0 1 1 0 0 0 1 1 0 0 0 1 0 0 0 0 1 1 1 0 1 0 0 1 1 0 1 0 1 1 0 0 0 0 1 0 1 1 1 0 1 0 0 1 1 1 0 1 0 0 0 1 1 1 1 0 0 1 1 0 1 1 1 1 1 0 1 0 1 0 0 0 0 0 1 0 0 0 0 0 0 1 1 1 1 1 1 0 0 1 0 0 1 1 0 1 0 1 1 0 0 1 0 0 1 1 0 1 1 0 1 1 1 0 1 0 1 0 0 0 0 0 0 0 0 0 0 0 1 0 0 1 0 0 0 0 0 0 1 0 0 0 1 0 0 0 1 0 0 0 0 1 0 0 1 0 1 0 1 0 1 1 1 1 0 1 0 0 0 1 0 0 0 0 0 1 0 0 1 1 0 0 1 0 0 1 1 0 1 1 0 0 1 1 0 1 1 0 0 1 0 1 1 0 1 0 1 1 1 0 0 0 1 0 1 0 1 1 0 0 0 1 0 0 1 0 0 1 0 0 1 0 1 0 0 0 0 1 1 0 0 0 0 0 1 1 1 1 0 1 1 0 1 1 1 1 1 1 1 1 1 1 0 1 0 0 0 0 
0 0 0 1 0 1 1 0 0 1 0 1 1 0 0 1 0 1 0 0 0 1 0 1 1 0 0 1 0 1 1 1 0 1 1 0 0 0 1 0 0 1 0 0 1 0 1 1 0 0 0 1 0 1 1 0 1 1 0 1 0 0 0 1 1 1 0 1 1 0 1 1 1 0 1 1 0 0 1 1 0 1 1 0 0 1 1 0 1 1 1 0 1 0 0 1 0 0 1 0 0 0 0 0 0 0 0 1 1 1 0 1 1 0 0 0 1 0 1 1 1 0 0 0 0 1 1 0 0 1 0 0 0 0 0 1 1 1 0 0 1 0 0 0 1 0 0 0 1 0 1 1 0 0 0 0 0 0 0 0 0 0 0 0 0 0 1 1 1 1 0 1 0 0 0 1 1 1 0 0 0 0 0 1 0 0 1 1 0 1 0 0 1 0 0 1 1 0 1 0 0 0 0 0 0 1 0 0 0 0 0 1 1 0 0 0 0 1 0 1 0 1 0 0 0 0 0 1 0 0 0 0 1 0 0 1 0 0 0 1 1 0 0 1 1 0 1 0 1 0 0 0 0 0 0 1 0 1 0 0 1 1 0 0 0 0 0 0 0 1 1 1 1 1 1 0 0 1 1 1 1 1 1 0 0 1 0 0 0 0 0 0 0 0 0 1 0 0 1 1 
0 0 1 0 0 0 0 1 0 1 0 1 0 0 0 0 1 1 1 0 0 0 1 0 1 1 0 0 0 0 1 0 1 0 0 0 1 1 1 0 1 1 1 0 1 1 1 0 0 0 1 0 0 1 1 0 0 1 0 0 0 0 0 0 0 0 0 1 1 1 1 1 1 1 0 1 1 0 1 1 0 1 0 0 0 1 0 1 0 1 1 0 1 0 0 1 0 0 1 1 0 0 1 0 0 0 0 1 0 0 0 0 0 0 0 0 0 0 1 0 1 0 1 1 1 1 1 0 0 0 1 1 0 0 0 1 0 1 1 0 1 0 0 0 0 1 1 0 1 1 1 1 1 0 0 0 1 1 1 0 1 0 0 0 1 0 0 1 1 1 0 1 0 1 0 1 1 0 1 0 1 0 0 1 1 1 0 1 1 0 0 0 1 1 1 0 1 0 0 0 0 0 0 0 0 1 1 1 1 1 1 0 1 0 1 0 0 0 1 1 0 1 0 0 1 0 0 1 0 0 1 1 0 1 1 0 1 0 1 0 1 0 0 1 1 0 1 0 1 0 0 0 1 0 1 1 0 0 1 0 0 0 1 1 1 0 0 0 0 1 1 1 1 0 0 0 1 0 1 1 1 1 0 0 0 0 1 0 1 0 1 0 0 1 0 1 1 0 1 1 
0 0 1 0 1 0 0 0 0 1 1 1 1 0 0 1 0 1 1 1 1 0 1 1 0 0 0 1 1 0 0 0 1 1 1 1 0 1 0 1 0 0 1 0 1 0 0 1 0 1 0 1 0 0 1 1 1 0 1 0 0 0 0 0 1 0 1 1 1 1 1 0 1 1 1 1 0 0 0 0 0 0 0 1 0 0 1 1 0 1 1 1 1 0 1 1 1 1 1 0 1 0 0 1 0 0 0 1 1 1 1 1 1 0 1 1 1 1 1 0 0 1 1 0 0 0 0 1 0 0 1 1 0 1 0 0 1 1 0 0 1 0 0 0 0 1 1 0 1 0 1 1 1 1 0 0 1 0 1 0 1 0 1 1 0 1 1 1 1 1 0 0 0 0 1 0 1 0 0 0 0 1 0 1 0 0 1 1 0 0 0 1 1 1 1 0 1 1 1 0 1 0 0 0 0 1 0 1 0 1 0 0 0 0 1 0 0 0 0 0 1 1 0 0 0 0 0 1 0 1 0 1 0 1 0 0 1 1 1 1 0 0 0 1 0 1 1 0 0 0 0 0 1 0 0 0 0 0 1 1 0 0 1 0 0 0 0 0 0 1 1 1 0 1 0 0 1 1 0 0 0 1 0 1 0 0 1 0 0 1 1 0 1 1 0 1 1 0 0 1 
0 0 1 0 1 0 0 0 1 1 0 1 0 0 0 1 1 1 0 0 0 1 0 0 0 0 1 1 1 0 1 0 0 1 0 0 0 1 0 0 1 0 1 0 1 1 1 0 1 1 0 1 0 1 1 0 0 1 0 1 0 1 0 0 1 1 0 0 1 0 0 1 0 0 1 1 0 0 0 0 1 1 0 0 1 0 0 0 1 0 1 0 1 1 0 0 1 1 1 0 0 0 1 0 1 0 1 0 0 1 1 0 1 0 0 1 1 0 0 0 1 1 0 0 0 1 1 1 0 1 1 1 0 0 0 1 0 1 0 1 1 0 0 0 1 1 0 0 1 0 0 1 1 0 0 0 0 0 0 0 1 1 0 1 0 1 1 1 0 0 0 0 0 0 1 1 1 1 1 0 0 0 0 0 1 1 1 1 0 0 1 0 1 1 1 0 0 0 0 0 0 0 0 0 0 1 0 1 1 0 0 0 0 0 0 0 0 0 0 0 0 0 0 0 0 1 1 0 0 1 1 1 0 0 1 0 1 1 0 0 0 0 0 1 0 1 0 0 1 0 0 1 0 1 0 0 0 1 1 0 0 0 0 1 1 0 0 0 0 1 1 1 1 1 1 1 0 1 0 0 1 0 1 0 1 1 1 0 1 1 1 0 0 0 0 1 1 0 0 0 
0 0 0 0 0 1 0 0 1 1 0 1 0 0 0 1 0 0 1 0 1 1 1 1 1 0 0 1 0 0 1 0 0 0 1 0 0 0 1 1 0 0 1 0 1 1 1 1 1 1 0 1 1 0 1 1 1 1 1 0 1 0 0 0 1 0 1 1 1 0 0 1 0 1 0 1 0 1 0 1 0 1 0 0 1 0 1 0 1 0 1 0 0 0 0 0 0 0 0 0 0 0 1 1 0 0 0 1 1 0 1 0 1 0 1 1 0 0 0 0 0 1 1 1 0 0 0 1 0 1 1 1 0 0 0 1 1 1 1 0 1 1 1 1 0 1 0 0 1 1 0 1 1 0 0 0 1 0 0 0 1 0 0 0 0 0 1 0 0 0 0 0 0 1 0 1 0 0 1 1 1 0 0 0 0 0 0 1 1 0 1 0 0 1 1 1 1 0 0 0 0 0 1 1 0 0 1 0 0 0 0 0 1 0 1 0 1 0 1 0 1 0 0 0 1 1 0 1 1 1 0 0 0 1 1 1 1 0 0 1 1 0 0 0 0 0 1 0 1 0 0 1 1 0 0 0 1 0 1 1 1 1 0 0 1 0 0 0 0 0 1 1 0 0 0 1 1 0 0 1 0 1 0 0 1 1 1 1 0 1 0 1 1 0 0 0 1 0 1 1 
1 0 1 1 1 1 0 0 0 0 0 1 0 0 1 0 0 0 1 0 1 1 0 0 0 1 0 0 0 0 0 0 0 1 0 0 0 0 1 0 1 0 0 0 1 1 1 1 1 0 0 0 0 0 1 1 1 0 1 0 1 0 0 0 0 1 0 0 1 0 1 1 0 1 0 0 1 0 0 0 0 1 0 1 1 1 0 0 1 0 1 1 1 0 0 0 0 0 1 0 1 0 1 1 0 1 0 1 1 1 0 0 1 0 1 0 1 0 1 0 0 1 1 0 1 0 1 1 1 0 0 0 0 1 0 1 1 0 1 1 0 1 0 1 1 0 1 0 0 1 1 1 0 0 0 0 0 1 0 0 1 0 0 0 0 0 1 0 1 0 0 0 0 0 0 0 1 0 0 1 1 0 0 0 0 1 1 0 0 1 0 0 1 0 1 0 1 1 0 0 0 1 0 0 0 0 1 1 1 1 0 0 0 0 0 0 1 1 1 1 1 0 0 0 1 0 1 0 0 1 1 0 1 1 0 0 1 1 1 0 0 0 0 1 1 0 0 1 1 0 0 1 1 1 1 0 1 0 1 1 0 0 0 0 0 1 0 0 1 1 0 0 1 1 0 1 1 0 1 0 0 0 0 0 1 1 0 0 0 0 1 0 1 1 0 1 0 0 1 1 
0 0 1 0 0 1 0 0 1 0 0 0 0 0 1 1 0 0 0 0 1 1 1 0 1 0 1 1 1 0 1 0 0 1 1 1 0 0 1 0 1 1 1 0 0 1 1 1 1 1 1 1 0 0 1 1 1 0 1 1 1 1 0 1 0 1 0 1 1 0 0 1 0 1 1 1 1 0 1 1 0 0 0 0 0 1 1 0 0 1 1 0 1 0 0 1 1 1 1 1 1 0 1 0 0 0 0 0 0 0 1 0 0 0 1 1 1 0 0 0 0 0 1 0 0 1 1 1 0 1 1 1 1 0 1 1 1 1 0 0 1 0 0 1 1 0 1 0 1 1 1 1 0 0 0 0 0 0 1 1 1 0 1 0 0 0 1 0 1 1 0 0 1 0 0 1 0 0 0 0 0 0 0 0 1 1 1 1 1 0 0 0 1 1 1 1 1 1 0 0 0 0 0 0 1 1 1 1 1 1 1 0 0 0 0 1 1 1 0 1 0 1 0 0 0 0 0 1 0 1 0 0 0 1 1 0 1 1 0 0 0 0 0 1 0 0 1 0 0 0 0 0 0 0 1 1 1 1 1 1 1 0 1 0 1 1 1 0 0 0 0 1 1 1 0 1 0 1 0 1 0 1 0 1 0 1 0 0 0 1 0 0 1 1 1 0 1 0 0 1 
0 0 0 0 0 0 0 0 0 0 0 1 1 0 0 0 0 1 1 0 0 1 1 1 0 1 0 0 0 1 1 0 0 1 1 0 0 0 1 0 0 0 0 0 0 1 1 0 1 0 1 0 0 0 0 0 0 0 0 0 1 1 1 0 0 1 0 0 1 0 0 1 0 0 1 0 1 0 0 0 0 0 0 0 1 1 1 0 0 1 1 1 1 0 1 1 0 1 1 0 0 0 1 0 0 1 1 0 1 1 0 0 1 0 0 0 1 1 1 0 1 0 0 0 0 1 0 1 0 1 1 0 0 0 0 0 0 1 1 0 0 1 0 1 1 1 1 0 1 0 1 1 1 0 0 1 0 0 0 1 0 0 0 1 0 1 1 1 1 1 0 0 0 1 1 1 1 1 0 0 0 0 0 0 1 1 1 1 1 0 0 0 0 0 1 0 0 1 0 1 0 1 1 0 1 0 0 0 0 1 0 0 0 1 1 1 1 0 0 0 1 1 1 0 0 1 1 1 0 1 0 0 0 0 0 0 1 0 1 0 0 1 0 1 1 0 0 0 1 1 0 1 0 0 1 0 1 0 1 1 0 0 0 0 1 1 0 1 0 0 1 1 1 1 0 0 1 0 0 0 1 1 1 0 1 1 1 0 0 1 0 0 1 0 1 0 1 1 0 1 
0 0 0 1 0 1 0 1 0 0 0 1 0 0 1 0 0 0 1 1 1 1 1 0 1 0 0 1 0 1 1 0 0 0 0 0 0 1 0 0 1 0 0 0 1 0 1 0 1 0 1 0 0 0 1 0 0 0 0 0 0 0 0 1 1 1 1 0 1 1 0 0 1 1 0 1 1 1 0 0 0 1 0 0 1 1 1 1 0 1 0 0 1 0 0 0 0 0 0 0 1 1 1 1 1 0 0 1 0 0 1 0 0 0 0 0 1 0 0 0 0 0 1 0 1 0 0 0 0 0 0 1 1 0 0 0 1 1 1 0 0 1 1 1 0 0 1 1 1 1 1 1 0 0 0 0 0 1 0 0 1 0 0 0 0 0 0 1 0 0 0 0 0 0 1 0 1 1 0 0 0 0 1 1 0 1 0 1 1 0 0 0 1 0 0 0 0 0 0 0 0 1 0 0 0 0 1 0 0 1 1 0 0 0 1 0 1 0 0 1 0 1 0 0 1 0 1 1 1 1 1 0 0 1 1 0 1 1 0 1 0 0 0 0 0 1 1 0 0 0 0 0 1 0 1 1 1 1 1 1 1 0 0 1 1 0 0 1 0 0 0 1 1 0 0 0 0 1 0 1 0 1 0 0 0 1 1 0 1 0 1 0 1 1 0 1 0 0 0 0 
0 0 1 1 1 0 0 0 0 1 0 0 1 0 0 1 0 1 0 0 0 1 1 0 0 0 0 1 1 1 1 0 0 0 1 1 0 0 1 0 0 1 1 0 1 1 0 1 1 1 0 1 0 0 0 0 0 1 0 0 1 0 0 0 1 0 1 1 0 0 0 0 1 1 0 0 0 0 0 1 0 0 0 1 1 0 0 0 1 0 1 0 1 0 0 1 0 0 1 0 1 1 1 1 1 0 0 0 1 1 1 1 1 0 1 0 1 0 1 0 0 0 1 0 1 1 1 1 0 0 1 0 0 0 0 1 0 1 0 0 1 1 0 1 0 1 1 1 1 0 0 1 0 0 1 0 0 0 0 0 1 1 0 0 0 0 0 0 0 1 0 0 0 0 0 0 1 1 1 0 0 0 0 0 0 0 1 1 1 1 0 0 1 1 1 0 0 0 0 0 0 1 0 1 0 1 0 0 0 0 1 0 0 0 1 0 1 0 1 1 1 1 0 1 0 0 0 0 1 1 0 0 1 0 0 1 0 0 1 0 1 0 0 1 0 0 0 0 0 0 1 0 1 1 0 1 1 1 0 1 1 0 1 0 1 0 1 0 0 1 1 1 1 0 1 0 0 0 0 1 1 0 1 0 0 0 1 0 1 0 0 0 1 0 1 1 0 0 1 0 
1 0 0 0 0 1 0 0 0 0 0 0 0 0 0 0 1 0 1 1 0 0 0 0 1 1 0 1 0 1 0 0 0 1 0 0 0 0 1 0 1 1 0 1 0 0 1 0 0 1 1 1 0 1 1 1 1 0 0 1 0 0 0 1 0 1 1 1 1 1 0 0 0 1 1 1 1 1 0 0 0 1 0 1 0 1 1 0 0 0 1 0 1 0 0 1 0 0 1 1 0 0 1 0 0 0 1 1 0 1 1 1 1 0 1 1 1 0 1 1 1 0 1 0 1 0 1 1 0 1 1 0 0 0 0 0 0 1 0 0 1 0 0 1 0 1 0 0 0 0 1 1 0 0 0 0 0 1 0 0 1 0 1 1 1 0 1 1 1 0 0 1 1 0 1 0 1 0 0 0 0 0 0 0 0 1 0 1 1 0 1 1 1 1 1 0 1 0 0 1 1 0 1 0 0 1 1 0 1 0 1 0 1 1 0 0 0 0 0 1 1 1 0 0 1 0 0 1 0 0 0 0 0 0 0 0 0 1 0 0 1 0 1 1 0 1 1 1 1 0 0 0 0 0 1 1 0 0 1 1 0 0 0 0 0 1 0 0 1 1 1 0 1 0 0 0 1 0 0 1 0 0 0 0 1 0 1 0 0 1 1 0 1 1 0 0 1 0 0 1 
0 0 1 0 1 0 1 0 1 1 1 1 0 0 0 0 0 1 0 0 0 1 0 0 1 0 1 1 0 0 1 1 0 1 1 1 0 1 1 0 1 0 1 0 1 1 0 0 0 1 0 0 0 0 0 1 1 1 0 0 0 1 0 1 1 1 0 0 1 1 1 0 1 0 1 1 1 1 0 0 0 0 0 0 0 0 0 0 1 0 0 0 0 0 0 1 0 0 0 0 1 0 1 1 0 0 0 1 1 0 1 0 1 0 1 0 1 0 1 0 0 1 1 0 1 0 0 0 0 0 1 1 1 1 0 0 0 0 1 0 0 1 1 0 1 1 1 1 0 1 1 1 1 0 0 1 0 1 0 0 1 0 0 1 0 1 1 0 0 1 0 0 1 0 0 1 0 1 0 1 1 0 1 0 0 1 0 0 1 0 1 1 0 0 1 1 0 0 0 0 0 0 1 1 0 0 1 0 1 0 1 0 1 1 0 0 0 0 1 0 1 0 0 1 0 1 0 1 1 1 1 0 0 1 1 1 1 1 1 0 0 0 0 0 0 0 1 0 0 0 0 0 1 1 1 0 0 0 1 0 0 0 1 0 1 0 1 0 0 1 1 0 1 1 1 1 0 1 0 1 0 1 0 1 0 1 1 0 0 1 1 0 1 0 0 1 1 1 1 1 
0 0 1 0 1 0 1 0 1 0 0 1 0 0 0 1 0 1 1 0 0 0 1 0 1 1 1 1 1 1 1 0 0 0 0 0 0 0 1 0 1 1 1 1 1 1 1 1 1 1 0 0 1 0 1 1 0 0 0 1 1 1 0 0 1 1 1 0 0 1 1 0 1 0 0 0 1 0 0 1 0 1 1 0 0 0 1 0 1 0 1 0 0 0 0 1 0 1 0 0 0 0 1 0 0 0 0 1 0 0 1 0 1 1 1 1 0 1 1 0 0 0 1 0 1 0 1 1 0 1 1 1 1 0 0 1 0 0 0 0 0 0 0 0 1 0 1 1 1 1 0 1 1 1 0 0 1 1 0 1 1 1 0 0 1 1 0 1 1 0 0 0 0 1 1 1 0 0 1 0 1 0 1 0 1 0 0 0 0 0 0 0 1 1 1 1 1 1 0 0 0 1 1 0 0 1 0 0 1 1 1 0 1 0 0 0 1 0 1 0 1 1 0 0 1 0 1 0 1 0 0 1 1 0 1 0 1 1 0 0 0 0 1 1 0 1 0 1 1 0 0 0 0 0 1 1 1 0 1 1 0 0 1 0 1 0 0 0 0 1 0 0 1 0 1 0 0 1 1 1 1 1 0 0 1 0 1 0 0 0 1 1 1 0 1 0 0 0 0 1 
0 0 1 0 1 1 0 0 1 0 0 1 1 0 0 1 0 1 1 1 1 0 0 0 0 1 1 1 1 1 0 1 0 0 1 0 0 0 0 0 0 1 1 0 0 1 1 1 1 1 1 0 0 1 1 0 0 1 0 1 0 0 0 1 1 1 1 0 1 1 1 1 0 1 0 1 0 0 0 1 0 0 0 0 0 1 1 1 1 0 1 0 0 1 0 0 0 1 0 0 1 0 0 0 0 0 0 1 0 0 0 0 0 0 0 1 0 0 1 0 1 0 0 1 1 0 1 1 0 1 1 1 0 1 0 1 0 1 0 0 0 0 1 0 1 0 1 1 0 0 0 0 0 1 0 0 0 0 0 1 0 0 0 1 1 1 1 1 1 1 1 1 0 0 1 0 0 1 1 1 0 0 0 1 0 0 0 0 0 0 0 0 1 1 1 1 1 0 0 0 0 0 1 1 0 1 0 1 0 0 0 0 1 0 0 0 1 0 1 0 1 1 0 0 1 0 1 1 0 1 0 1 0 0 1 0 1 0 0 0 0 0 0 1 0 1 1 0 0 0 0 0 0 0 1 0 1 0 0 1 0 1 1 0 1 0 1 1 0 1 1 0 0 1 1 1 0 0 0 1 0 0 0 0 0 0 1 0 0 1 0 0 1 1 0 0 1 1 1 1 
0 0 1 0 0 1 0 0 1 1 1 1 1 1 0 0 1 0 1 1 0 0 1 1 0 1 0 1 1 0 0 0 0 0 1 1 0 0 1 1 0 0 0 0 0 1 1 1 0 1 0 1 0 1 1 0 1 1 0 1 1 0 0 0 1 0 1 1 1 1 1 1 0 1 0 0 1 0 1 0 0 1 1 0 1 1 1 0 1 1 1 0 1 0 0 0 0 1 0 0 1 0 1 0 0 0 1 1 1 1 1 0 0 0 1 0 1 1 0 1 0 1 1 0 0 1 0 0 1 0 0 1 1 0 1 1 1 0 0 0 0 0 1 0 1 0 0 1 1 1 1 1 1 1 0 0 0 1 0 0 0 0 0 0 0 0 0 1 1 0 0 1 0 0 1 1 0 0 1 0 0 1 1 1 1 1 1 1 1 0 1 1 1 1 1 0 0 0 0 1 0 1 0 0 0 1 1 0 1 1 1 0 1 0 1 1 0 0 0 1 0 1 1 0 1 0 0 1 0 0 0 0 0 0 1 1 1 0 0 1 0 0 0 0 1 0 0 1 0 1 1 0 0 0 1 0 1 1 1 1 0 0 1 0 1 0 1 0 1 1 1 1 1 1 0 1 1 1 0 1 1 1 0 1 0 0 1 0 0 0 0 0 0 0 0 0 0 0 0 1 
0 0 0 0 1 0 1 0 0 0 0 1 0 1 1 0 1 0 1 0 0 0 0 0 1 1 1 1 0 1 0 1 0 0 1 1 0 1 1 0 0 0 0 0 0 1 1 1 1 0 0 1 1 0 1 1 1 0 0 0 0 0 1 1 0 0 0 1 0 0 1 1 0 1 0 1 1 1 1 0 0 1 1 0 1 1 0 1 1 0 0 1 1 0 0 1 0 0 0 0 1 0 0 0 0 0 0 1 1 1 0 1 0 0 1 0 1 1 1 0 0 0 1 0 0 1 0 1 1 1 1 0 1 0 0 1 1 0 0 0 1 0 0 1 0 1 0 0 1 0 1 1 1 0 1 0 1 0 0 1 0 1 0 0 0 0 1 1 1 0 0 1 0 1 0 1 1 1 1 1 1 0 1 0 0 0 1 1 0 0 0 0 1 0 0 0 1 1 0 0 0 0 1 1 1 0 1 0 1 0 0 0 1 0 1 0 0 0 0 0 0 0 0 0 1 0 1 0 0 0 1 0 0 1 0 1 1 1 1 0 0 0 0 1 0 1 1 0 0 0 0 1 1 0 1 0 0 1 0 1 0 0 1 0 1 1 0 0 0 0 0 0 1 0 0 1 1 1 0 1 0 1 0 0 0 0 1 0 0 1 0 0 0 1 0 1 1 0 1 0 
1 1 0 1 1 0 0 0 1 1 0 0 0 0 0 1 0 0 1 0 0 0 0 0 1 1 1 1 1 0 1 0 0 0 1 1 0 0 0 0 0 0 1 0 0 1 0 0 1 0 0 1 0 1 1 1 0 0 0 0 0 0 1 0 1 1 1 1 1 0 0 0 0 1 1 1 0 1 0 1 0 1 0 0 0 1 1 0 1 1 1 0 1 0 0 1 0 0 1 0 1 1 1 0 1 1 1 0 1 0 0 0 1 0 1 0 1 0 1 1 0 0 0 0 1 0 1 1 0 0 1 0 0 0 1 1 1 1 0 1 1 0 0 1 1 0 1 0 1 0 1 1 1 0 0 0 0 1 0 0 1 0 0 0 0 0 1 0 1 0 0 0 0 0 0 0 1 0 0 0 0 1 0 0 1 1 1 0 0 0 1 0 0 1 0 0 1 0 0 0 0 0 0 0 0 1 0 0 0 0 1 0 1 0 1 0 0 0 0 0 0 1 0 0 1 0 1 1 0 1 1 0 0 1 0 1 1 1 1 0 0 0 1 1 0 0 0 0 1 0 1 1 0 0 0 1 1 0 1 0 1 0 1 0 1 0 1 0 0 0 0 1 1 1 0 1 1 0 1 0 0 0 0 0 0 1 1 0 0 0 0 0 1 1 0 1 1 0 0 1 
0 0 1 0 0 0 1 0 0 1 0 1 0 1 0 1 1 1 0 0 1 0 0 0 1 1 0 1 0 0 1 0 1 1 0 1 0 0 1 0 0 0 1 0 0 0 1 1 0 0 1 0 1 1 1 1 1 0 0 0 0 0 1 0 1 1 1 1 1 1 0 1 1 1 0 0 1 0 1 0 0 0 0 0 0 0 0 1 0 1 1 1 1 0 0 1 0 0 0 0 0 1 1 0 0 0 1 1 1 1 1 0 0 0 1 0 1 0 0 0 0 1 0 0 1 0 0 1 0 1 1 0 0 1 0 0 0 1 1 0 1 0 0 0 1 0 0 1 1 0 0 0 1 0 1 1 1 1 0 1 0 0 0 0 0 1 1 1 0 1 1 0 1 1 0 0 1 0 0 0 0 0 0 0 0 0 1 1 1 0 1 0 0 1 0 1 1 1 0 0 0 0 0 0 0 1 0 0 0 0 1 0 1 0 1 0 0 0 0 0 0 0 1 1 0 0 0 0 0 0 1 0 0 0 1 1 1 0 0 1 0 0 1 1 0 1 1 0 1 0 1 1 0 1 1 0 1 0 1 1 0 0 0 0 1 1 0 1 0 1 1 0 1 1 0 1 0 0 0 0 1 1 0 1 0 1 1 0 1 1 1 0 1 1 1 0 1 0 1 0 
0 0 1 1 0 1 0 1 1 1 0 1 0 0 1 1 1 0 1 0 0 0 0 0 1 1 1 1 1 0 0 0 0 0 0 1 1 0 1 0 0 0 1 0 0 0 0 1 1 1 0 0 0 0 1 1 1 0 0 0 0 1 0 0 0 0 0 1 1 0 1 0 1 1 1 0 1 1 0 1 0 0 0 1 0 1 1 1 1 1 1 0 0 0 0 0 0 0 0 1 1 1 1 1 1 0 1 1 1 0 1 0 1 0 1 1 0 0 1 0 1 0 1 0 1 0 0 0 0 1 0 1 0 1 0 1 1 0 0 0 1 1 0 1 1 1 1 1 0 1 0 1 1 0 1 1 0 1 0 0 0 0 0 0 0 1 1 1 1 0 0 0 0 0 1 1 1 1 1 0 0 0 0 1 0 0 0 1 1 1 0 0 1 0 1 1 1 1 0 0 0 1 0 1 0 1 1 0 1 1 0 1 0 0 1 0 1 1 1 0 0 0 0 1 0 1 1 1 0 0 0 0 1 0 0 0 1 1 0 0 1 0 0 1 0 0 1 0 1 0 0 1 0 0 1 0 1 0 0 1 0 1 0 0 1 1 0 0 0 0 0 0 0 1 0 0 0 1 0 1 0 1 1 1 0 0 0 0 1 1 1 0 0 0 0 0 1 0 0 1 
0 0 1 0 0 0 0 0 1 1 0 1 1 0 0 1 0 1 1 0 0 1 0 0 0 0 1 0 0 1 1 0 1 0 1 0 0 0 0 0 0 0 1 0 1 0 1 1 1 0 1 0 0 0 1 0 1 0 0 1 1 0 1 1 1 1 1 1 0 1 0 1 0 1 1 1 0 1 0 1 0 0 0 0 1 0 0 0 1 1 1 0 0 0 0 1 0 0 1 1 1 0 0 0 0 0 1 0 0 0 0 1 1 1 0 1 1 0 0 0 1 1 0 0 0 1 0 0 0 0 0 1 0 1 0 1 0 1 1 0 1 1 0 1 1 1 1 0 0 1 0 0 1 0 1 0 0 1 1 0 1 0 0 0 0 1 1 1 0 0 0 0 0 0 1 0 0 1 0 0 0 0 1 1 0 1 1 1 0 1 0 1 1 1 1 0 0 0 0 1 0 1 1 0 0 1 1 1 1 1 1 1 1 0 1 0 0 0 1 0 1 1 0 0 0 1 0 0 1 0 1 0 1 1 1 0 0 1 1 1 0 0 0 0 0 1 1 0 0 0 0 1 0 0 0 1 1 0 1 0 0 1 0 0 1 1 0 0 0 1 1 1 1 1 0 0 1 0 0 1 0 0 0 0 0 1 0 0 0 1 1 0 0 0 0 0 0 0 1 1 
1 1 0 0 1 0 0 0 1 1 0 1 0 0 1 1 0 0 1 0 1 0 1 0 0 0 1 1 0 1 1 0 0 0 1 1 0 0 1 1 1 0 1 0 1 1 0 1 1 1 0 1 0 0 1 1 0 0 0 0 0 0 0 1 0 1 1 1 1 0 1 0 1 1 0 1 1 0 0 1 1 0 0 0 0 1 1 1 0 0 1 0 1 1 0 1 1 0 1 1 1 1 1 0 0 0 0 1 1 1 1 0 0 1 0 0 1 1 1 0 0 0 0 0 0 0 1 1 1 1 1 0 1 1 0 0 1 1 0 0 0 1 0 1 1 1 0 1 1 1 0 0 1 0 0 0 0 1 0 0 1 0 0 1 0 1 1 1 0 0 0 1 0 0 0 1 0 1 1 0 0 0 0 0 1 1 0 1 1 0 0 0 0 1 1 1 1 0 0 0 0 0 1 1 0 1 0 0 0 1 1 1 1 1 1 1 0 0 1 0 0 1 0 0 0 0 0 0 0 0 0 0 0 1 1 0 1 1 1 1 0 0 0 1 1 0 1 1 0 0 0 0 0 0 0 1 1 0 1 1 0 0 0 1 1 0 0 0 0 1 0 1 1 0 0 0 1 1 0 0 0 0 0 0 0 1 1 1 1 0 0 0 0 0 0 1 1 0 0 1 
0 0 0 0 1 1 0 0 1 1 0 0 0 0 1 1 1 1 0 0 1 0 0 0 1 0 1 1 1 0 1 0 1 0 1 1 0 0 0 0 1 0 0 1 1 1 1 1 1 1 0 0 0 1 0 0 1 0 0 1 1 0 0 0 1 0 1 1 1 1 0 1 1 0 0 0 1 0 0 0 1 0 0 0 1 1 1 0 1 0 0 0 1 0 0 1 0 0 0 0 1 0 1 1 0 0 1 1 0 0 1 0 1 0 1 0 0 0 0 0 0 0 1 0 1 0 0 1 0 0 1 0 0 1 0 1 0 1 0 0 1 0 0 0 0 1 1 1 1 0 1 1 1 0 0 0 0 1 1 1 1 1 0 0 1 1 1 1 0 1 1 1 1 0 1 1 1 1 1 1 0 0 0 0 0 1 0 0 0 0 0 0 1 0 1 0 1 0 1 1 0 0 0 0 0 0 1 0 0 1 1 0 0 0 1 0 1 0 1 1 0 0 0 0 0 1 1 0 1 1 1 0 0 1 1 0 1 1 1 0 1 0 0 1 0 0 1 0 0 0 0 0 1 0 1 1 1 1 0 0 0 0 1 0 1 0 1 0 0 1 1 0 1 1 0 0 0 1 1 1 0 1 0 0 1 0 1 0 1 1 1 0 0 1 0 1 1 0 1 1 
0 1 0 0 0 0 0 0 0 1 0 1 0 0 1 0 0 0 1 0 0 0 0 0 1 1 0 1 0 0 1 0 0 0 1 0 0 0 1 0 0 0 1 1 1 0 1 0 1 1 1 0 0 0 1 1 1 0 0 1 0 0 0 0 0 1 1 0 1 0 0 1 0 1 1 1 1 0 0 0 0 1 0 0 0 1 1 0 0 0 0 1 1 0 0 0 0 0 1 1 1 0 1 0 1 1 1 0 1 0 1 0 0 0 1 0 1 0 1 0 0 0 1 0 1 0 1 1 0 1 1 1 0 1 0 1 0 0 1 0 1 0 0 0 0 0 0 0 0 0 0 1 1 0 0 0 0 1 0 1 1 1 0 1 0 1 0 0 1 0 0 1 0 1 1 0 1 1 0 0 1 0 0 1 1 1 0 1 0 0 0 1 1 1 1 1 1 0 0 0 0 0 1 1 0 1 1 1 0 0 0 0 0 0 0 0 1 1 0 1 0 0 0 0 0 1 0 0 0 1 0 0 0 1 1 0 1 0 0 0 1 1 0 1 0 1 1 0 0 0 0 1 1 0 1 1 1 1 1 1 1 0 0 0 1 1 0 0 0 1 0 1 1 0 0 1 1 1 0 1 0 1 0 1 0 1 1 0 1 0 1 0 1 1 0 1 1 0 0 0 
0 0 1 0 1 0 0 1 0 1 0 0 0 0 0 1 0 0 0 0 0 0 1 0 0 1 1 0 1 0 1 0 1 0 1 0 0 1 0 0 1 0 1 0 1 1 1 0 0 1 1 1 0 0 1 1 0 0 0 0 0 1 1 1 1 0 1 1 1 0 0 0 0 1 0 1 0 1 0 1 0 1 0 0 0 1 1 0 1 0 1 0 1 0 0 0 1 0 1 0 1 0 1 0 0 1 0 1 0 0 1 1 1 0 1 1 0 1 1 0 0 1 1 0 0 1 1 0 1 1 0 0 0 1 0 1 0 1 0 0 1 0 0 1 0 0 0 0 1 0 1 0 0 0 0 1 0 1 1 1 1 0 1 0 0 0 0 1 0 1 0 0 1 0 1 0 1 0 1 0 1 0 0 0 1 0 1 0 1 1 1 0 1 0 1 1 1 0 0 0 0 0 0 0 1 1 0 0 1 1 1 0 0 0 0 1 1 0 0 0 1 1 0 0 1 0 0 0 0 1 0 0 0 1 0 1 1 1 0 0 0 0 1 1 0 1 1 1 0 0 0 1 0 0 0 1 1 0 1 0 0 0 1 0 1 0 1 1 0 1 0 1 0 1 1 1 0 0 1 1 0 0 0 0 0 0 1 0 0 1 1 1 0 0 0 0 1 0 0 0 
1 0 1 0 1 1 1 0 0 0 0 0 0 0 0 1 0 0 1 0 0 0 0 0 1 0 0 0 0 0 1 1 1 0 1 0 0 0 1 0 0 0 1 0 1 0 1 1 1 1 1 0 0 1 1 0 1 1 0 1 1 1 0 1 0 1 1 0 1 1 0 0 0 1 0 1 1 0 1 1 1 1 0 0 0 1 1 0 1 0 1 0 0 0 0 0 0 0 1 1 0 0 1 0 0 0 1 0 0 0 1 0 0 0 1 0 1 1 0 0 1 0 1 0 1 0 0 0 0 1 0 0 1 0 0 1 0 1 0 0 1 0 1 1 1 0 0 1 1 0 0 1 1 0 0 0 0 1 1 1 0 0 0 0 0 1 0 0 1 0 0 0 1 0 1 0 1 1 0 0 0 0 1 1 0 1 0 0 0 0 0 0 1 0 0 1 1 0 1 1 0 1 1 0 0 1 1 0 0 0 1 0 0 0 1 0 0 0 0 0 1 1 0 1 1 0 0 1 0 0 0 1 0 0 1 0 1 0 0 0 1 0 0 1 1 0 1 0 0 0 0 1 1 1 0 1 1 0 1 1 1 0 0 0 1 0 0 0 1 0 1 0 0 1 0 0 1 1 1 0 0 1 0 0 0 1 1 1 1 1 1 0 0 1 0 0 1 0 0 0 
1 0 1 0 0 0 0 1 1 0 0 1 1 0 0 0 0 0 1 0 1 0 1 0 1 1 0 0 1 1 1 0 0 0 1 0 1 0 0 0 0 0 1 0 1 1 0 1 1 0 1 0 1 1 1 1 1 0 0 0 1 1 0 1 1 0 0 0 0 0 0 1 0 1 1 1 0 0 0 0 0 1 1 0 0 1 0 0 1 1 0 1 0 0 0 0 0 0 0 1 0 0 1 1 1 0 1 1 0 0 1 0 1 1 1 0 1 0 0 0 0 0 1 0 1 0 0 1 0 1 0 0 0 1 0 1 0 1 0 0 1 0 0 1 0 1 1 0 1 1 0 1 1 0 0 1 0 1 0 1 1 1 0 0 1 1 0 1 1 0 0 0 0 0 0 0 1 1 1 0 0 0 0 1 1 1 0 0 1 0 1 1 1 1 1 0 1 0 1 0 0 1 1 0 1 1 1 0 0 1 1 1 1 0 0 0 0 1 1 0 1 1 1 0 0 0 0 1 0 1 0 1 0 0 1 0 1 0 1 0 0 1 0 1 1 0 1 0 1 0 0 1 0 1 0 0 1 1 0 0 0 0 1 0 0 0 0 0 0 0 0 1 1 1 0 0 1 1 1 0 0 0 0 0 0 1 0 0 1 1 1 0 1 1 0 1 1 1 0 1 
0 1 1 0 0 1 1 0 1 0 0 0 0 0 1 1 1 0 0 0 1 0 1 0 0 0 1 1 0 1 1 0 0 1 0 1 0 0 0 0 0 0 1 0 0 0 1 1 0 0 0 0 0 0 1 1 1 0 0 1 1 1 0 0 1 0 1 1 1 0 0 0 0 1 1 1 0 0 0 0 0 1 0 0 1 0 1 0 0 0 0 1 1 1 0 0 0 0 1 0 1 1 1 0 0 0 1 1 1 0 1 0 1 1 0 1 1 0 0 1 1 0 1 1 0 0 0 1 0 1 1 1 1 0 1 0 0 0 0 1 1 0 1 1 1 1 1 1 1 1 1 0 1 0 0 0 1 0 0 1 1 0 0 0 0 1 1 1 0 0 0 0 0 0 1 0 1 1 0 0 0 0 0 0 0 1 1 1 0 0 0 1 1 0 1 1 1 0 0 0 0 1 1 0 1 1 0 0 0 1 1 0 1 0 0 1 0 1 0 1 1 1 0 0 1 1 0 0 0 0 0 1 0 1 1 1 1 1 1 0 0 1 0 1 1 0 1 0 0 0 0 1 0 0 0 0 1 0 1 1 0 0 1 0 1 0 1 0 1 1 1 0 0 0 0 0 0 1 1 1 1 1 0 0 0 1 0 1 1 1 1 0 0 1 1 1 1 0 0 0 
0 0 1 0 1 0 0 0 1 1 0 1 0 1 0 1 1 1 1 0 1 0 0 0 0 0 0 1 1 0 1 0 1 1 1 0 0 1 1 0 0 0 1 1 1 1 0 1 0 0 0 0 0 0 0 1 1 0 1 1 1 0 0 0 1 0 1 0 1 0 1 1 0 0 1 1 0 1 0 1 0 1 1 0 0 0 1 1 1 0 0 1 1 1 0 0 0 0 1 0 0 0 1 0 0 0 0 1 1 1 1 1 1 0 1 1 0 0 1 0 0 1 1 1 1 0 0 0 0 1 1 1 0 0 0 0 0 1 0 1 1 0 1 0 1 0 1 0 1 1 1 0 1 1 0 1 0 0 1 0 0 0 0 0 0 1 0 1 1 1 0 0 0 0 1 1 0 0 0 1 1 1 0 0 0 0 1 0 1 0 0 1 1 0 0 0 1 0 0 1 1 0 1 1 1 0 1 0 1 0 0 1 1 0 1 0 1 0 0 1 0 1 1 0 1 0 0 1 0 0 0 0 0 1 1 1 1 1 1 1 0 0 0 1 1 0 1 1 1 0 0 1 0 0 1 0 1 0 0 1 0 0 0 1 1 1 0 0 0 1 1 1 1 0 1 0 1 0 1 1 0 1 0 0 0 1 1 0 1 0 0 0 0 0 0 1 1 0 0 0 
0 1 1 0 0 0 0 0 1 0 0 1 1 0 0 1 1 0 0 0 1 1 1 0 1 0 1 1 0 0 0 0 1 1 1 0 0 0 1 1 1 0 1 0 1 0 0 1 0 1 1 1 0 0 1 1 1 0 0 0 0 1 0 1 0 1 1 0 1 0 1 1 0 1 0 1 0 0 0 1 0 1 0 0 1 1 0 1 1 0 0 1 0 0 0 0 1 0 1 0 0 1 0 0 0 0 0 0 1 1 1 0 0 0 0 0 1 0 1 0 0 0 1 0 1 0 0 0 1 0 0 0 1 0 0 0 0 0 0 0 1 1 1 1 1 1 1 0 1 0 1 0 0 0 1 0 0 0 0 1 1 0 0 0 0 1 1 1 0 0 0 0 0 0 0 0 1 1 1 0 0 0 0 0 0 1 1 1 0 0 1 0 1 0 0 1 0 1 1 0 0 1 1 1 1 1 0 0 1 1 1 0 0 0 1 1 1 0 0 0 0 1 0 0 1 0 0 0 0 0 0 0 0 0 1 0 1 0 0 0 0 1 0 1 0 0 1 0 0 0 1 1 1 1 1 1 1 1 0 1 0 0 0 0 1 0 0 1 1 0 1 1 1 1 0 1 1 1 1 0 0 1 0 0 0 1 1 0 1 0 0 0 0 0 0 1 0 1 0 1 
1 0 1 0 0 0 1 1 1 1 0 1 0 1 0 1 1 0 1 1 0 0 0 0 1 1 0 1 1 1 0 1 1 0 1 0 0 0 1 1 0 0 1 1 1 1 1 0 1 1 1 0 0 1 0 1 1 0 0 0 0 1 0 1 0 1 1 0 1 0 1 1 1 1 1 1 1 0 0 0 1 1 0 0 1 1 1 0 1 0 0 0 1 0 0 1 0 1 0 0 1 0 1 0 0 1 0 0 0 1 1 0 1 0 0 1 1 0 1 0 0 0 0 0 1 1 1 1 0 0 0 0 0 1 0 1 0 0 0 0 1 1 0 0 0 0 0 0 1 1 1 1 1 1 0 0 0 0 0 1 1 0 0 0 1 1 0 1 1 1 0 1 1 1 1 0 1 0 1 0 1 0 1 0 0 1 0 0 0 0 0 1 0 0 1 1 0 1 0 1 1 0 0 0 0 0 0 0 0 1 0 0 0 0 1 1 1 0 0 0 1 1 1 0 1 0 0 1 0 0 0 1 0 0 0 0 0 1 0 1 0 0 0 1 0 1 1 0 0 0 1 1 1 0 1 1 1 0 1 0 1 0 1 0 1 1 0 1 1 1 1 1 1 1 0 0 1 1 0 1 1 1 1 0 0 1 0 0 0 0 0 0 0 1 0 0 0 1 1 0 
0 0 1 0 0 0 1 0 1 0 1 0 0 0 0 0 1 1 0 0 0 0 0 0 1 0 0 1 1 1 0 0 1 1 0 1 0 0 1 1 0 1 0 0 1 0 0 1 1 0 1 0 0 0 1 1 1 0 1 0 1 0 0 0 0 1 1 1 1 1 1 0 0 1 1 0 1 1 0 0 0 1 0 0 1 1 1 0 0 1 1 1 0 0 0 0 0 1 0 0 0 0 0 1 0 0 1 1 1 1 1 0 1 0 1 1 1 0 0 0 1 1 1 1 1 0 0 1 1 1 1 0 0 0 1 1 1 1 0 1 0 0 0 0 0 1 1 1 1 1 1 0 0 1 0 0 0 0 0 0 0 0 0 1 1 1 1 1 1 0 0 0 0 0 0 1 1 1 1 0 0 0 0 1 0 1 1 1 1 0 0 0 1 0 1 0 1 0 0 0 0 0 0 1 0 1 1 0 1 0 1 0 0 0 0 1 1 0 1 1 0 1 0 1 1 1 0 0 0 0 0 0 0 0 0 0 1 0 1 0 0 1 0 0 1 0 0 0 0 0 0 1 0 1 1 0 0 1 1 1 0 0 1 0 1 1 0 1 0 0 0 0 1 1 1 0 1 0 1 0 0 1 1 0 1 0 0 1 0 0 0 0 1 1 0 0 1 0 1 1 
0 1 0 0 1 0 0 0 1 1 0 1 0 0 1 1 1 1 0 0 0 1 1 0 0 0 0 1 1 1 0 0 0 0 1 0 0 0 1 0 1 0 1 0 1 1 1 1 1 1 1 0 0 0 0 0 0 0 0 0 1 0 0 1 1 1 1 0 1 0 0 1 1 1 1 1 1 0 0 0 0 1 0 0 1 1 1 0 1 1 0 1 1 0 0 0 0 0 1 1 1 1 0 0 0 1 0 1 1 0 1 1 0 0 1 0 1 0 1 0 1 1 1 1 1 1 0 1 0 0 1 0 0 0 0 0 0 1 0 0 1 0 0 1 0 1 1 0 1 0 0 0 0 0 1 0 0 0 0 0 0 0 1 0 0 0 0 1 0 0 0 0 0 0 0 1 1 0 1 1 0 0 0 0 0 1 1 0 1 1 0 0 1 0 0 1 1 0 0 0 1 0 0 1 0 0 1 0 1 1 1 0 0 0 0 0 1 0 0 1 0 1 0 1 1 0 0 1 0 0 1 1 0 1 1 0 0 0 1 1 1 0 1 0 0 1 0 0 1 1 1 0 0 1 1 1 0 0 0 1 1 0 1 0 1 0 1 0 0 1 1 1 1 1 1 0 1 1 1 1 0 1 0 0 0 1 1 0 1 1 1 0 1 1 1 1 0 0 0 0 
1 0 0 0 1 1 1 0 1 0 0 1 1 0 0 0 0 1 0 0 1 1 0 0 1 0 0 1 0 1 0 0 1 0 1 0 0 0 1 0 1 1 1 0 1 0 0 1 1 1 1 1 0 1 1 1 0 1 0 0 0 0 1 1 1 1 1 0 1 1 0 0 0 0 0 0 1 0 0 0 1 1 0 0 0 1 0 0 1 0 0 0 0 0 0 1 1 0 1 1 1 1 1 0 1 1 0 1 1 0 1 0 0 0 1 0 0 0 0 0 1 1 1 1 1 1 1 1 0 0 0 0 1 0 0 1 0 1 0 0 0 1 0 1 1 1 0 1 0 1 0 0 0 0 0 0 0 0 0 1 1 0 0 1 0 0 1 1 1 0 0 0 0 0 1 1 1 0 1 0 0 0 0 1 0 1 0 1 0 0 0 0 0 1 1 0 1 0 0 0 0 0 0 0 0 1 0 0 0 0 1 0 1 0 0 0 0 0 1 1 0 1 0 0 1 0 1 1 0 1 1 1 0 1 0 0 1 1 1 1 1 0 0 1 1 1 0 0 1 0 0 0 0 1 1 0 0 1 0 0 1 0 0 1 1 0 0 1 0 1 1 0 0 0 0 0 1 1 1 0 1 0 0 0 0 1 0 1 0 1 1 0 1 1 0 1 1 0 0 1 
0 1 1 0 0 1 1 0 0 1 0 1 0 0 0 0 1 0 0 1 0 0 1 1 1 0 1 1 1 0 0 1 1 0 1 1 0 0 0 1 1 0 0 1 0 0 1 1 0 1 0 1 1 1 1 1 1 1 1 0 1 1 0 1 1 1 1 0 0 0 0 1 1 1 0 1 0 1 0 0 0 0 0 0 1 1 1 0 0 0 0 0 1 0 1 0 0 1 0 0 1 1 0 0 0 1 0 1 1 0 0 1 1 0 1 0 0 0 1 0 0 0 1 0 1 0 1 0 0 1 1 0 0 1 0 0 0 0 0 0 1 1 0 1 0 1 1 1 1 0 0 0 1 0 0 1 1 1 0 1 0 0 1 0 0 1 1 0 0 0 0 0 0 1 0 0 1 1 0 0 0 0 1 0 1 0 1 1 1 0 0 0 1 1 1 0 1 0 0 0 1 1 1 0 0 1 0 0 1 0 0 0 0 0 1 0 1 0 1 0 1 0 1 0 0 0 1 1 0 1 0 0 1 1 0 0 1 1 0 1 0 1 0 1 1 0 0 0 1 0 1 1 0 1 1 0 1 0 1 1 1 0 1 0 0 0 0 1 1 0 0 1 1 0 0 0 0 0 0 1 0 1 0 0 0 1 0 1 0 1 1 0 0 1 0 1 0 0 1 1 
1 1 0 0 1 0 1 1 1 1 1 1 1 1 1 0 1 0 1 0 0 1 0 1 0 0 1 1 0 0 0 1 0 0 0 1 1 0 1 0 0 0 1 0 0 0 1 1 1 0 1 1 1 0 1 0 0 1 0 1 0 1 1 0 1 1 0 1 1 0 0 0 0 1 1 0 0 0 1 0 1 1 1 1 0 0 1 0 0 0 1 0 0 1 1 1 0 0 0 0 0 1 0 0 0 1 0 1 1 0 1 1 0 1 1 0 0 0 0 1 1 0 1 1 0 0 0 1 1 0 0 0 1 0 0 0 1 0 0 1 0 0 1 1 1 0 1 1 0 0 0 1 0 1 1 1 1 0 0 1 0 1 1 1 0 1 1 1 0 0 1 0 1 0 1 1 0 1 0 0 1 1 0 0 1 0 1 1 1 0 0 1 0 1 1 0 0 0 1 1 1 1 0 1 0 0 0 0 0 0 1 0 1 1 1 0 0 1 1 0 1 1 1 1 1 0 0 0 1 1 0 1 1 0 1 0 1 1 0 0 1 1 1 1 0 0 1 1 1 1 1 1 0 0 1 0 1 0 1 1 1 1 0 1 1 0 0 1 1 0 0 0 0 1 0 0 0 0 0 0 0 1 1 1 0 1 1 1 0 0 1 1 0 0 1 1 1 0 0 0 

122 39 
68 242 
65 106 
151 70 
217 210 
164 154 
160 298 
42 282 
58 260 
233 24 
180 284 

