30
100
18
10

11 16 15 13 1 18 6 4 6 12 5 8 13 1 18 6 2 13 5 9 16 2 12 10 10 5 4 18 14 3 
0 20 31 36 24 16 4 0 12 38 38 19 36 28 37 29 4 5 
3 1 3 3 1 4 3 4 4 5 3 3 5 1 5 2 5 5 2 2 4 4 5 3 4 5 1 3 2 4 5 3 2 4 2 5 4 2 5 5 2 2 3 3 2 3 4 3 1 5 3 3 3 1 1 5 2 3 1 1 3 4 5 5 2 4 5 2 2 4 5 3 3 3 1 4 2 5 1 5 3 3 5 3 3 4 1 1 1 5 2 2 1 4 4 5 2 1 1 1 
5 0 6 8 3 9 11 10 5 8 2 10 2 10 9 1 1 13 10 2 1 3 14 0 2 0 17 9 11 9 7 0 9 9 9 17 17 9 3 8 7 17 3 15 16 11 6 17 14 13 5 6 14 15 0 6 0 3 5 16 7 0 14 5 17 16 6 11 11 17 3 6 15 8 0 16 14 10 9 12 9 10 12 7 6 6 1 5 6 0 16 13 6 8 3 3 4 0 7 14 

0 0 1 0 1 0 0 0 1 0 1 1 0 1 1 0 0 1 1 0 0 0 1 0 0 0 0 0 1 1 1 1 1 1 0 0 1 0 1 0 0 0 1 0 1 0 0 1 0 1 1 0 0 1 0 1 0 0 0 0 0 0 1 0 0 1 1 0 1 0 0 0 0 1 1 1 1 0 1 1 1 1 0 1 1 1 0 0 1 0 1 1 1 0 1 1 0 0 1 0 
1 0 1 0 1 0 0 0 1 1 0 0 0 0 0 0 0 1 0 1 0 0 1 0 0 1 0 0 1 1 0 0 1 1 1 1 1 0 0 0 1 1 0 0 0 1 1 1 1 0 1 1 0 0 1 0 0 0 1 1 0 0 0 0 1 1 1 0 0 1 1 0 1 1 0 1 1 1 0 0 0 0 0 0 1 0 0 1 1 0 1 0 0 0 1 0 0 0 1 1 
0 0 0 1 1 0 1 0 0 0 1 1 0 0 1 0 0 0 1 1 0 0 0 1 0 0 1 0 1 0 1 1 0 0 1 1 0 0 0 0 0 0 1 0 0 0 1 1 0 0 1 0 0 1 0 1 0 1 0 0 0 0 1 0 0 0 0 1 0 0 0 1 1 1 1 1 1 0 0 0 0 1 0 0 0 0 0 1 1 0 0 1 1 0 0 1 1 1 1 0 
0 1 0 0 1 0 1 0 1 1 0 1 0 0 1 0 1 0 1 0 0 0 1 0 1 0 0 1 0 1 0 1 1 0 1 0 1 0 0 0 0 1 1 0 1 1 1 0 1 0 1 0 1 0 1 0 0 1 0 1 1 0 1 1 0 0 0 0 1 1 0 1 1 0 0 1 1 0 0 1 0 1 0 0 1 1 1 1 0 1 0 1 1 0 1 1 1 0 0 0 
0 1 0 0 0 0 1 0 1 1 0 0 1 1 1 0 1 0 1 1 1 1 1 0 1 1 0 0 1 0 0 1 1 0 1 0 1 1 1 0 0 1 1 0 1 1 1 1 0 0 1 0 1 1 1 1 0 1 1 1 0 0 0 0 0 0 0 0 1 1 0 1 0 1 0 0 1 0 0 1 0 0 0 0 0 0 0 0 1 1 0 1 1 0 1 0 1 0 0 0 
0 1 1 0 0 0 0 0 1 0 0 1 1 0 0 0 0 0 1 1 0 0 1 0 0 1 1 0 1 1 0 1 1 1 1 1 1 1 0 1 0 1 0 0 0 1 1 1 1 1 1 0 0 1 1 1 0 0 1 0 0 0 0 1 0 0 0 0 1 1 1 0 1 0 0 0 1 0 1 1 0 1 0 0 0 1 1 1 1 1 0 1 1 1 0 1 0 1 0 0 
1 0 1 1 1 1 0 0 1 1 1 1 0 1 1 0 1 0 0 1 0 1 1 0 0 0 1 0 1 1 0 1 0 1 1 0 1 1 0 0 0 0 1 0 1 0 1 0 0 0 0 1 0 0 1 0 0 0 1 1 0 0 1 0 1 1 1 0 1 1 0 0 1 0 0 1 0 0 0 1 0 0 0 0 0 0 0 1 0 0 0 1 0 0 0 1 0 0 1 1 
1 1 1 1 1 0 0 0 0 0 0 1 0 1 1 0 0 1 0 1 1 0 0 0 1 0 1 1 0 1 0 1 1 0 1 0 0 0 0 1 0 0 1 0 1 1 1 1 1 0 0 1 1 1 0 0 1 0 1 1 0 1 1 0 1 1 0 0 0 1 1 0 1 0 0 1 1 0 1 0 0 0 0 0 1 0 0 1 0 0 1 1 1 1 1 1 1 1 0 1 
0 1 0 1 1 0 0 0 1 1 0 0 0 1 0 1 0 0 1 1 0 0 0 0 1 0 1 1 1 0 1 1 0 0 0 1 1 1 0 0 0 1 0 0 1 1 0 1 0 0 0 1 1 0 1 0 0 0 1 1 1 0 0 0 0 0 1 1 1 0 0 0 1 1 0 1 1 0 0 0 0 0 1 0 0 0 0 1 1 0 1 0 1 1 1 0 1 1 1 0 
1 1 0 0 1 0 0 0 1 0 0 1 0 1 0 0 1 1 1 1 0 0 0 0 0 0 0 1 1 1 0 0 1 0 1 1 1 0 1 0 0 1 1 0 1 0 1 1 1 0 1 0 1 0 1 0 1 1 1 1 0 0 1 0 1 1 0 1 1 1 0 0 0 0 1 0 0 0 1 1 0 1 0 0 0 0 0 1 1 0 0 1 1 0 1 1 1 0 1 0 
1 1 1 0 1 1 0 0 1 1 0 0 0 1 1 1 0 0 1 1 1 0 1 0 1 0 1 1 0 1 1 1 0 0 1 0 0 0 0 1 0 1 1 0 1 1 0 1 0 0 1 1 0 1 0 0 0 1 0 1 1 0 0 0 0 0 0 0 0 1 0 0 1 1 0 0 1 0 1 0 0 1 0 0 1 0 0 1 1 1 0 0 0 1 1 0 1 1 1 0 
0 0 1 0 0 1 0 0 1 0 0 1 0 1 0 0 0 0 1 0 1 0 1 1 0 0 0 0 1 0 0 1 1 0 1 0 0 0 0 1 0 1 0 0 0 0 0 1 0 0 1 0 0 0 1 0 0 0 1 0 1 0 0 0 1 0 0 1 0 0 1 1 1 0 0 1 0 0 0 1 0 1 0 0 1 0 0 1 0 1 0 1 1 1 1 1 1 0 1 1 
1 1 0 0 1 1 1 0 0 0 0 0 0 0 0 0 0 0 1 1 0 0 0 0 0 0 0 0 0 1 1 0 1 0 0 0 1 0 0 0 0 1 1 0 1 1 0 0 0 1 1 1 0 0 0 0 0 1 0 0 0 0 0 0 0 0 0 0 1 0 0 0 1 1 0 1 1 0 0 1 0 1 0 1 1 0 0 1 0 1 0 1 0 0 0 1 1 1 1 1 
1 1 0 1 0 1 1 0 0 0 0 1 0 0 0 0 0 0 1 1 0 1 0 0 0 1 1 1 0 0 1 0 1 0 0 1 1 0 0 0 1 1 0 0 0 1 0 1 0 0 0 0 1 1 0 0 0 0 1 1 0 0 1 0 0 1 0 1 1 1 1 0 1 0 0 0 1 0 0 0 0 1 0 0 1 0 0 1 1 0 0 1 1 0 1 0 1 1 1 1 
1 0 1 0 0 0 0 0 1 0 0 1 0 1 1 0 1 0 1 1 1 0 1 1 0 0 0 0 1 1 1 1 0 1 1 1 1 0 1 1 0 0 0 0 1 1 0 0 1 1 1 1 1 1 1 1 1 1 0 1 1 1 0 1 1 0 0 1 1 1 0 0 1 1 0 0 0 1 0 0 0 1 0 0 1 0 0 1 1 1 0 1 1 1 1 1 1 1 1 0 
1 0 1 0 0 1 1 0 1 0 0 1 0 0 0 1 0 0 1 1 0 0 1 0 1 0 0 0 1 1 1 0 1 0 1 0 1 0 1 0 0 1 0 0 1 1 1 0 1 1 0 0 1 0 1 0 0 0 1 0 1 0 1 0 0 1 0 0 0 0 1 1 0 1 0 1 1 0 0 1 0 1 1 1 1 0 0 0 0 0 1 1 1 0 0 1 1 0 1 0 
1 1 1 1 0 0 0 0 0 1 1 0 0 0 0 0 0 0 0 1 0 0 1 1 0 0 0 1 1 1 0 1 1 0 1 0 0 1 0 1 0 0 1 0 1 1 0 1 1 0 1 1 1 1 0 0 0 1 1 0 0 0 1 0 1 0 0 0 1 0 0 0 1 0 1 0 1 0 1 0 0 0 0 0 1 0 0 1 0 0 0 1 0 0 1 1 1 1 1 0 
0 0 0 1 1 1 1 1 1 0 1 0 0 1 1 0 0 0 1 1 1 0 1 0 0 1 0 0 1 1 1 1 1 0 1 0 0 0 1 1 0 1 1 0 1 1 0 0 0 0 1 1 0 1 1 0 0 0 0 1 0 0 0 0 0 0 0 1 1 1 0 0 1 1 0 0 1 0 0 1 0 0 0 0 0 0 0 1 1 0 0 1 0 1 0 0 1 0 0 0 
1 1 1 0 1 1 0 1 0 0 0 1 0 0 1 0 1 0 0 1 0 0 1 0 0 1 1 1 1 1 1 1 1 0 1 1 1 0 1 0 0 1 1 0 1 0 1 1 1 1 0 1 1 1 0 1 0 0 1 0 0 1 1 1 0 0 0 1 1 1 1 0 1 0 1 0 1 0 1 1 0 1 0 0 0 0 1 1 0 0 0 0 1 0 1 0 1 1 1 0 
0 1 1 0 0 1 0 0 1 0 0 0 0 0 1 0 1 1 0 1 1 0 1 0 0 0 1 0 1 1 0 1 1 1 1 0 1 1 0 0 0 0 1 1 1 0 0 0 1 0 0 1 1 1 0 0 0 1 0 0 0 1 1 0 1 0 1 1 1 1 1 0 1 0 0 1 0 1 1 1 0 1 0 0 1 0 0 0 1 1 1 1 0 0 1 1 1 1 1 0 
0 0 1 1 0 1 0 0 0 0 0 1 0 1 1 0 0 0 0 1 0 1 1 1 0 0 1 1 1 1 1 0 0 0 1 1 1 1 0 1 0 1 0 0 0 1 1 1 0 0 0 0 0 0 0 1 1 0 1 1 0 0 1 1 1 1 1 1 0 0 1 0 1 0 0 1 1 0 1 1 0 0 0 0 1 1 0 1 0 1 0 0 0 0 1 0 0 1 0 0 
0 1 1 1 0 0 0 0 1 0 0 1 0 1 1 0 0 0 1 0 0 1 1 0 0 0 1 1 0 0 1 0 1 0 1 0 1 1 0 0 0 1 0 1 0 1 1 1 1 0 0 0 0 1 1 1 0 1 0 0 0 0 1 0 1 0 1 0 0 0 0 0 1 0 1 1 1 0 1 0 0 1 0 0 1 1 1 0 0 1 0 0 0 0 0 1 1 1 1 0 
1 1 0 1 0 0 0 1 0 0 0 0 0 1 0 1 0 0 1 1 0 0 1 0 0 1 1 0 1 1 1 0 0 0 1 0 1 1 1 1 0 0 0 0 0 1 1 1 0 0 1 1 0 0 0 0 0 1 0 1 0 0 0 0 0 0 0 1 1 1 0 1 0 0 0 0 1 0 1 0 0 0 0 0 1 0 0 0 1 1 0 1 1 0 1 0 0 1 0 1 
1 1 1 1 0 0 1 0 0 0 1 1 0 1 1 0 0 1 1 0 0 0 0 0 1 1 1 1 1 1 1 1 1 0 0 1 0 0 0 1 0 1 1 0 0 1 0 1 1 1 1 0 0 1 0 0 0 0 1 1 0 1 0 0 0 0 0 1 0 1 0 0 1 0 0 0 1 0 0 0 0 1 0 0 1 1 1 1 1 0 0 1 1 1 0 1 1 1 0 0 
0 1 1 1 1 0 0 0 1 0 0 1 0 1 0 0 0 1 1 0 0 0 1 0 1 0 1 1 1 0 1 1 0 0 1 1 1 0 1 1 1 0 1 0 0 1 1 0 0 0 1 1 1 1 1 0 1 0 1 1 0 0 1 0 0 1 0 0 1 1 0 1 1 1 0 0 0 0 0 1 0 1 0 1 1 0 0 1 1 1 0 1 1 0 1 0 0 0 1 0 
0 1 0 0 1 0 0 0 1 0 1 0 0 0 1 0 0 1 1 1 0 1 1 0 0 1 0 0 0 1 1 1 0 0 0 1 1 1 0 1 1 1 0 0 0 0 1 1 1 0 1 0 1 0 0 1 1 1 0 0 0 0 0 0 1 0 1 0 0 1 1 1 0 0 1 0 0 0 0 0 0 0 0 0 0 0 0 0 1 1 1 0 0 0 1 0 0 1 1 0 
0 1 0 0 1 1 1 0 1 0 1 1 0 1 1 0 0 0 0 1 1 0 1 0 1 0 0 1 0 0 0 1 1 0 0 0 0 0 1 1 0 0 1 0 1 0 1 0 0 0 1 0 0 1 0 0 0 0 0 0 0 0 1 1 0 1 0 0 1 1 0 1 0 1 0 1 1 0 0 0 0 1 0 0 1 0 1 0 1 1 1 1 1 0 1 1 1 0 1 0 
0 0 1 0 0 0 0 1 0 1 0 0 0 1 0 1 0 0 1 0 0 0 1 0 0 1 1 0 1 1 0 0 1 1 1 1 0 0 0 1 0 1 0 0 1 0 1 1 1 0 0 0 1 0 0 1 0 0 0 1 0 0 0 1 0 1 0 0 1 1 0 1 0 1 0 0 1 0 1 0 1 1 1 0 1 0 0 0 1 1 1 1 1 0 0 1 1 1 1 0 
0 0 0 0 0 0 0 0 0 0 0 0 1 1 1 1 0 0 1 1 0 0 1 0 0 1 1 1 1 1 0 0 0 0 0 1 1 0 0 0 0 1 0 0 1 0 1 0 0 0 0 1 0 0 1 0 0 0 1 1 0 0 1 0 1 0 1 1 0 1 1 1 0 1 0 1 0 0 0 0 1 1 0 0 0 0 0 0 1 1 0 1 1 1 1 1 1 1 1 0 
1 0 0 0 0 0 1 1 0 0 0 1 1 0 0 1 1 1 0 1 1 0 1 1 1 0 1 0 0 1 0 1 1 1 1 0 1 0 0 0 1 0 0 1 0 0 1 1 1 1 0 0 0 1 0 1 0 0 1 0 1 1 1 1 0 0 0 0 0 1 1 0 1 0 1 0 1 1 1 1 1 1 1 1 1 1 0 1 0 0 1 1 1 0 1 0 1 0 1 0 

71 15 
82 75 
77 83 
59 36 
12 60 
67 1 
51 31 
47 28 
94 99 
85 24 

