25
50
2
8

17 6 10 19 20 16 2 14 4 16 7 7 7 20 20 5 12 4 2 20 16 10 19 8 6 
0 4 
3 4 5 2 1 5 1 5 5 3 5 5 3 3 2 1 2 2 2 3 3 2 2 5 1 2 5 5 3 2 5 3 4 5 5 3 4 3 3 1 2 4 4 4 2 1 3 3 2 3 
0 0 1 1 1 0 0 0 1 0 1 1 0 1 0 1 0 1 1 0 1 1 1 0 1 0 1 1 0 1 1 1 1 0 1 1 1 0 1 1 1 1 0 1 1 0 0 0 0 1 

0 0 0 0 1 0 0 1 1 0 0 1 0 1 0 0 0 1 0 0 1 1 0 1 0 0 0 0 0 1 1 1 1 1 0 1 0 0 0 1 0 1 1 0 1 0 0 0 1 0 
0 0 1 1 1 1 0 1 1 1 0 1 0 0 0 1 0 0 1 1 0 1 0 0 0 1 0 0 1 0 1 1 1 1 0 0 1 1 1 0 0 0 0 0 1 0 0 1 0 0 
0 1 0 1 1 0 1 1 0 1 0 1 0 0 1 0 0 0 1 0 0 1 1 0 1 0 1 0 1 1 1 1 1 1 0 0 1 1 0 1 0 0 0 1 0 0 0 0 1 1 
0 0 1 0 1 1 1 0 1 1 0 1 0 0 0 1 1 0 0 1 0 0 1 0 0 0 0 1 0 0 0 1 1 1 0 0 1 1 0 1 0 0 0 1 1 0 0 0 1 1 
1 0 1 0 0 0 1 1 1 1 0 1 0 1 0 0 1 0 1 1 1 0 0 1 1 0 1 0 1 0 1 0 1 1 1 0 0 1 0 1 1 0 0 1 0 0 1 1 1 1 
1 0 0 0 1 0 1 1 0 1 0 0 0 0 0 0 0 0 0 0 1 0 1 0 0 1 0 1 1 0 1 0 0 0 0 0 0 1 1 0 0 0 0 1 1 1 0 1 0 0 
0 0 0 0 1 1 1 1 0 1 0 1 1 0 1 1 0 0 0 0 1 0 1 1 0 1 0 0 1 0 0 1 0 1 0 1 1 0 1 0 0 0 0 1 1 1 1 1 1 1 
0 0 0 0 1 1 1 1 0 0 0 0 0 0 0 0 0 0 1 1 0 0 0 1 1 0 1 1 0 0 0 0 0 1 0 0 0 1 0 1 1 0 0 0 1 1 0 1 0 0 
0 0 1 0 0 0 0 1 1 0 0 0 1 0 0 1 1 0 0 0 1 0 0 1 1 1 0 1 1 0 1 1 0 1 0 0 1 0 0 0 1 1 0 1 1 1 1 1 0 1 
0 0 1 0 1 0 0 1 1 1 0 0 1 0 0 1 0 0 0 1 0 0 0 0 1 1 1 1 1 0 0 1 1 1 1 0 0 1 1 0 0 0 0 1 0 1 1 1 1 0 
0 0 0 0 1 0 1 1 1 1 0 0 1 0 0 1 0 0 1 1 0 0 1 1 0 0 0 1 0 0 0 0 0 1 0 0 0 1 1 0 0 1 0 1 1 0 1 0 0 0 
1 1 0 0 1 0 0 1 1 0 0 1 0 0 0 1 0 0 1 1 1 1 1 1 0 1 1 1 1 0 0 1 1 1 0 0 1 0 0 1 0 0 1 1 1 1 0 1 1 0 
0 1 1 0 1 0 1 0 0 1 1 1 1 1 1 1 0 0 0 0 0 1 0 1 0 1 1 1 1 1 0 1 0 1 0 0 1 0 0 1 1 0 0 1 1 1 0 1 1 1 
0 1 0 0 0 1 0 1 0 1 1 1 1 0 0 1 0 0 0 1 1 0 1 0 1 0 1 0 0 1 0 1 1 1 0 0 1 0 0 1 0 0 0 0 0 1 1 1 0 0 
0 1 0 0 1 0 0 0 0 0 0 1 0 1 0 1 0 0 0 1 1 0 1 1 1 0 1 1 1 1 0 0 0 1 0 0 0 1 1 1 0 1 0 0 1 1 0 0 1 0 
0 1 0 0 1 1 1 1 0 0 0 1 0 1 0 0 0 0 0 0 1 0 0 1 0 0 1 1 0 1 0 1 0 1 0 1 1 1 1 0 0 0 1 0 0 1 1 1 0 0 
0 1 1 1 1 0 1 0 0 1 0 1 1 1 0 0 0 0 0 0 1 1 1 1 0 0 1 1 0 0 0 0 0 1 1 0 1 1 0 1 1 0 0 0 1 0 0 0 0 1 
1 0 0 0 1 0 0 0 0 1 0 1 0 0 0 1 0 0 0 1 0 1 1 0 0 0 1 1 0 0 0 1 0 0 0 0 1 0 1 1 0 0 0 1 0 1 0 0 1 0 
0 1 1 1 1 0 0 1 1 1 0 1 0 1 1 1 0 0 1 0 0 0 1 1 1 0 0 0 1 0 0 1 0 0 1 1 1 1 1 1 0 0 0 1 0 1 0 0 0 0 
0 1 0 0 0 0 0 0 0 0 0 1 0 0 0 1 0 1 1 1 1 0 1 0 1 0 1 1 1 0 1 0 0 0 0 1 1 0 0 0 0 0 0 0 1 1 0 0 1 0 
0 0 1 0 0 0 0 1 1 0 0 1 1 1 0 1 1 1 0 0 0 0 1 1 0 1 0 0 0 0 0 0 0 0 0 0 1 1 1 0 0 1 0 0 1 0 1 1 1 1 
1 1 0 1 0 0 0 0 1 0 0 1 0 1 1 0 0 0 1 0 1 0 0 1 0 1 1 1 0 0 0 1 1 1 0 1 1 1 1 0 0 0 1 1 0 0 0 0 1 1 
1 0 1 0 0 0 0 1 0 0 1 1 1 0 0 0 0 1 0 0 1 0 1 1 1 1 0 0 0 0 0 0 0 0 0 0 1 1 1 1 0 1 1 1 1 1 1 1 0 1 
0 1 0 1 0 0 0 1 0 1 0 1 1 0 0 0 0 0 0 1 0 0 1 1 0 1 1 0 0 0 0 0 0 1 1 0 0 0 0 1 0 0 0 0 1 1 0 1 1 0 
0 1 0 0 0 1 0 1 1 0 1 0 0 0 0 1 1 1 0 0 0 1 0 0 0 0 1 0 0 0 1 1 0 0 0 0 0 1 0 0 1 0 0 0 0 1 0 0 1 0 

34 9 
2 46 
17 33 
27 25 
5 36 
16 14 
10 45 
22 18 

