35
200
23
11

7 5 9 7 20 8 11 13 16 2 3 13 5 8 17 11 8 20 11 5 5 17 6 12 5 3 18 19 9 20 18 18 9 18 7 
0 32 33 23 18 17 3 32 12 27 6 32 17 25 33 30 33 19 15 19 10 22 18 
5 3 5 3 3 4 5 4 3 1 1 4 4 2 2 2 4 1 4 4 5 2 3 5 1 4 4 1 5 4 2 3 5 3 2 1 1 3 2 4 3 4 3 3 1 5 3 3 1 1 4 3 4 1 1 4 3 4 5 2 1 1 5 2 3 1 4 4 4 4 4 4 5 3 2 4 4 1 3 4 1 1 5 1 4 1 5 3 2 5 1 3 3 4 5 2 2 5 1 4 1 2 5 5 2 2 1 4 5 2 3 2 2 2 4 2 2 2 4 2 1 4 3 1 2 4 2 3 1 5 2 5 1 5 3 4 1 4 2 4 1 2 1 2 4 2 2 4 4 2 4 1 2 4 5 1 2 1 1 5 5 1 4 2 5 5 1 4 2 5 2 3 5 4 5 1 5 5 5 1 2 5 4 1 5 3 5 1 5 4 3 4 2 3 3 2 4 5 3 4 
16 19 19 3 7 12 21 14 21 21 9 16 14 14 19 6 20 6 10 4 19 14 9 16 3 22 22 7 18 16 22 5 18 1 22 20 0 18 4 9 7 11 8 6 13 21 5 13 18 4 16 1 3 8 18 5 20 0 13 20 13 19 3 1 18 6 11 18 17 22 21 4 8 12 17 13 14 8 15 4 14 21 0 20 6 21 10 19 2 6 13 3 11 14 17 7 0 13 17 20 8 22 16 4 3 15 5 2 6 14 8 18 5 9 7 21 9 8 15 4 11 15 6 2 10 18 5 6 12 15 9 15 9 2 10 4 20 2 3 0 14 21 5 6 22 21 6 3 12 14 11 20 17 7 9 8 16 6 14 8 16 8 12 10 0 13 22 0 4 2 0 11 12 0 19 19 5 8 20 18 14 4 18 3 5 13 8 22 20 2 22 5 7 14 16 17 9 1 2 14 

0 0 1 0 0 0 1 0 0 0 0 1 0 0 1 1 0 1 1 0 1 0 0 0 1 0 0 1 0 0 0 0 0 1 0 0 1 0 1 0 0 0 0 1 1 1 1 1 0 0 0 1 1 0 0 0 0 0 1 1 1 0 0 1 0 1 1 0 0 1 1 0 0 0 0 0 0 1 1 0 0 0 0 0 0 0 1 1 1 0 0 0 0 1 1 0 0 1 0 0 0 0 0 0 0 1 0 1 1 1 0 0 1 1 0 0 0 0 0 1 1 0 1 1 1 0 0 0 0 0 0 0 0 1 1 1 0 0 0 0 1 1 0 1 1 0 0 0 1 1 1 0 1 0 0 0 1 0 1 0 0 0 0 0 0 1 1 1 0 1 1 0 0 1 0 0 1 0 0 0 0 0 1 0 0 1 1 1 1 1 0 0 1 0 0 1 0 1 0 0 
1 1 0 1 0 0 1 0 0 0 0 0 1 1 0 0 0 0 1 1 0 0 0 0 0 0 0 1 0 0 0 0 1 1 0 0 1 0 1 0 1 0 0 1 1 0 1 0 1 1 0 1 0 0 1 0 1 1 1 0 1 0 1 1 0 0 1 1 1 0 1 0 1 1 1 1 0 1 1 0 1 1 0 1 1 0 0 1 1 0 0 0 1 1 0 1 1 0 1 1 1 0 0 0 1 0 0 0 0 0 1 0 1 1 0 1 1 1 1 0 1 0 1 1 1 1 0 1 0 0 0 0 0 1 0 1 1 0 0 0 1 1 0 1 1 0 1 1 1 0 1 0 0 0 1 0 0 0 0 0 0 1 0 0 1 1 1 1 0 0 0 0 0 0 1 0 1 1 0 1 0 1 0 0 0 1 0 1 1 1 1 0 0 0 1 0 1 1 1 0 
1 0 0 0 0 0 1 0 1 1 1 0 1 1 0 0 0 1 0 1 1 1 0 0 1 0 1 1 0 1 0 0 0 0 0 0 1 0 1 0 1 0 1 1 0 0 1 0 0 1 0 0 0 0 1 1 1 0 1 1 1 1 1 0 0 0 0 1 0 1 1 0 1 1 0 1 0 1 1 1 1 0 0 1 1 0 1 1 0 1 1 0 0 0 1 1 1 1 0 0 1 0 1 1 1 0 1 0 0 1 0 0 1 1 1 1 1 1 0 1 1 0 1 1 1 0 1 0 0 1 0 0 0 0 1 1 0 0 1 0 0 0 0 1 1 0 1 0 0 1 1 0 1 0 0 0 0 1 1 0 0 0 0 0 1 0 0 0 0 0 0 0 0 1 1 0 0 1 0 0 0 1 0 0 1 1 1 0 1 1 0 0 0 0 1 0 0 1 0 0 
0 0 1 1 0 0 1 0 0 0 0 0 1 1 0 0 0 0 0 1 1 0 1 0 0 0 1 1 0 0 0 1 1 0 0 0 1 0 1 0 0 0 0 1 1 0 1 1 0 0 0 1 0 1 0 1 0 0 1 0 1 0 0 1 0 0 1 0 1 1 1 0 0 0 1 1 0 1 0 0 0 0 0 1 1 1 1 1 1 1 1 1 0 0 1 0 1 1 1 1 0 0 0 0 0 1 0 1 1 1 0 0 1 1 1 1 0 1 1 1 0 0 1 0 1 0 0 0 0 1 0 0 0 0 1 1 0 1 0 1 0 0 0 0 1 0 1 0 0 0 0 0 1 0 0 0 0 0 1 0 1 0 0 1 1 0 0 0 1 0 0 1 1 1 1 0 0 0 1 0 0 0 1 0 1 1 0 0 1 0 1 0 0 0 0 0 0 1 1 1 
0 0 1 0 0 0 0 1 0 0 1 0 1 1 1 1 0 1 0 1 1 1 0 0 0 0 0 0 1 1 0 0 1 0 1 0 1 0 0 0 0 1 0 0 0 1 1 0 0 1 0 1 1 0 1 1 0 0 1 1 1 0 1 0 0 0 1 1 1 1 1 0 0 1 0 1 0 1 0 0 0 0 0 0 1 0 0 0 0 1 0 1 1 0 0 0 0 1 0 0 0 0 0 1 0 0 0 1 0 1 1 0 1 1 1 0 0 0 0 0 0 1 1 1 1 0 1 1 0 0 0 0 1 0 1 1 0 1 0 1 0 0 0 1 0 0 1 0 1 1 0 1 1 0 0 1 1 1 0 0 1 0 0 0 1 0 0 0 0 1 0 0 0 1 0 0 0 0 0 0 1 1 1 0 1 1 1 0 1 1 0 0 0 0 1 0 1 1 0 0 
0 1 1 0 0 0 1 0 0 1 0 0 0 1 0 0 1 0 0 1 1 0 0 0 1 0 1 0 0 0 0 0 1 0 0 0 1 0 0 0 1 1 0 1 1 0 1 1 1 1 0 1 0 0 1 0 0 0 1 1 0 0 0 1 0 0 1 1 0 0 1 0 0 1 1 1 0 1 1 0 0 0 0 0 1 1 1 0 1 0 0 0 0 0 1 1 1 0 1 0 1 0 0 1 0 1 1 1 0 1 1 0 1 0 0 1 0 0 0 1 1 1 1 0 1 0 0 0 0 1 0 0 0 0 1 1 0 0 1 1 0 0 0 1 0 0 1 0 1 0 0 1 0 0 0 0 1 0 0 0 0 0 0 0 0 1 0 1 1 0 0 0 1 1 1 0 1 0 1 0 1 0 1 0 0 1 0 0 0 1 1 1 0 0 0 0 0 0 0 1 
0 1 1 0 0 0 0 1 0 0 0 1 1 1 1 0 0 1 1 1 1 0 0 0 0 0 1 1 0 0 0 0 1 0 0 0 1 1 1 0 1 1 0 1 1 1 0 1 0 1 1 0 1 0 1 1 0 0 0 0 0 1 1 1 0 0 0 1 0 1 0 0 0 1 0 1 0 1 0 0 0 0 1 0 1 0 0 0 1 1 1 1 0 0 0 1 1 0 1 0 1 0 1 1 0 1 0 0 0 1 1 1 1 0 0 1 0 1 0 0 1 1 1 0 0 0 1 1 0 1 0 0 0 0 0 1 0 0 0 1 0 0 1 0 0 0 1 1 0 0 1 0 0 0 0 1 0 1 1 0 0 0 0 0 0 0 0 1 0 0 0 0 1 1 0 1 0 0 0 1 1 1 1 0 1 1 1 1 1 0 0 0 0 0 1 0 0 1 0 1 
1 1 0 0 0 0 0 1 0 0 1 0 0 0 0 0 1 1 1 1 1 1 0 0 0 1 0 0 0 0 0 0 1 0 1 1 1 0 1 1 1 0 0 1 1 0 1 1 0 1 0 0 1 0 1 0 1 0 1 0 1 0 1 1 0 1 1 1 1 0 1 0 0 0 1 0 0 0 1 0 0 0 0 1 0 1 0 0 1 0 1 1 1 0 0 0 0 0 0 0 1 0 0 0 0 1 0 1 1 1 1 0 1 1 0 0 0 0 0 0 1 0 1 0 1 0 0 1 0 1 1 1 0 1 1 0 0 0 0 1 0 1 0 1 0 1 0 0 1 0 0 1 0 1 1 1 0 0 1 0 0 0 0 0 1 1 1 1 1 1 0 0 0 1 1 0 0 1 1 0 1 1 1 1 0 1 1 0 1 0 0 1 0 0 1 0 1 1 0 1 
0 0 0 1 0 0 0 1 1 0 0 0 1 0 1 0 0 0 0 1 0 1 0 1 0 1 1 0 0 0 1 0 1 0 0 0 1 0 1 1 1 1 0 0 0 0 0 0 1 1 0 1 0 0 0 1 0 0 0 1 1 0 1 1 0 0 1 1 0 0 1 1 1 1 1 0 0 0 0 0 1 1 0 0 1 0 1 0 0 1 0 0 0 0 0 1 1 1 0 1 0 0 1 1 1 1 0 1 0 0 0 1 1 1 0 0 0 1 1 1 0 1 1 1 1 1 1 1 0 1 0 1 0 1 0 1 0 0 0 0 0 0 0 0 0 0 1 0 1 0 0 1 1 0 0 1 0 0 0 0 0 0 0 1 1 1 0 0 1 0 0 0 0 0 1 1 0 1 1 0 1 0 0 1 0 0 1 0 1 1 0 1 0 0 0 0 0 1 0 1 
1 1 0 1 1 0 1 1 0 0 0 0 0 1 0 0 0 0 1 1 1 1 1 0 0 0 1 1 0 1 0 0 0 0 0 0 0 0 1 0 0 1 1 0 1 1 1 0 0 0 0 0 1 0 1 0 1 0 0 0 0 0 0 1 0 1 1 0 0 0 1 0 1 0 1 1 0 0 1 1 0 1 0 1 1 1 0 0 1 0 1 0 0 0 0 0 1 1 0 0 1 0 1 1 0 0 0 0 0 1 0 0 1 1 0 1 0 1 1 1 1 1 0 0 1 0 1 0 1 1 0 1 0 1 1 1 1 1 0 0 0 0 0 1 1 0 1 0 1 0 0 1 0 0 0 0 0 0 1 0 0 0 0 1 1 0 1 0 0 0 0 1 0 0 0 0 0 1 0 1 0 1 0 1 1 1 0 0 1 1 0 1 0 0 0 0 1 1 0 0 
1 1 1 0 0 0 0 0 0 1 0 1 1 1 1 0 1 1 1 1 1 0 1 0 1 1 0 0 0 1 0 0 0 0 1 0 1 0 0 0 1 1 1 0 0 0 1 1 0 0 0 1 1 0 0 0 0 0 1 0 1 0 0 1 0 0 1 0 1 1 0 0 1 0 0 1 0 1 1 0 1 0 0 1 0 1 1 0 0 0 1 1 1 0 1 0 1 1 0 1 1 0 0 0 1 1 1 0 1 1 0 0 1 0 0 1 0 1 0 0 0 1 1 0 0 0 1 1 0 0 0 0 0 1 1 0 0 1 0 0 0 0 0 1 1 0 0 1 1 0 1 1 1 1 0 1 0 0 1 1 1 0 0 1 1 0 1 0 0 0 0 0 0 1 0 0 1 1 0 1 0 0 0 0 1 1 0 0 1 1 0 0 0 0 0 0 0 1 1 0 
1 0 0 1 1 0 0 1 0 0 0 0 1 0 0 0 0 0 0 1 0 0 0 1 1 0 1 1 0 0 0 0 1 0 1 1 0 1 0 1 0 0 0 1 1 0 1 0 0 0 0 1 0 0 1 1 1 0 1 0 1 0 0 1 0 1 1 0 1 0 1 0 1 0 1 1 0 1 0 0 1 0 1 1 0 0 0 0 1 0 1 1 0 0 1 1 1 1 1 1 1 0 0 1 1 1 0 0 1 1 1 1 0 0 0 1 1 0 1 1 0 0 0 1 0 0 1 1 0 1 0 0 0 1 1 0 1 0 1 0 0 0 1 1 1 0 0 0 1 0 1 1 1 1 0 1 0 0 0 0 1 0 0 1 0 0 0 0 0 1 1 1 0 0 0 0 0 1 1 1 0 1 1 0 0 0 0 0 1 1 0 1 0 0 1 1 0 0 0 0 
0 0 1 0 0 0 0 1 0 0 0 0 1 0 0 1 0 0 1 0 1 1 0 0 0 1 1 1 0 0 0 0 1 0 0 0 1 1 1 0 0 0 0 0 0 0 1 1 0 1 0 1 0 0 0 0 1 0 1 0 1 0 1 0 0 1 1 0 0 1 0 0 0 1 1 1 0 1 1 1 0 0 0 1 1 1 0 0 1 0 1 0 1 0 0 0 0 1 0 1 0 0 0 0 0 1 0 0 1 0 1 0 1 0 0 0 0 0 0 1 1 0 1 1 1 0 1 1 0 1 0 0 1 1 1 0 0 0 0 1 0 0 0 0 1 1 0 1 0 0 0 1 0 0 0 0 0 1 1 0 0 1 0 0 1 1 0 1 0 0 1 1 0 0 1 1 0 0 0 0 1 1 0 0 0 1 1 0 1 0 0 1 0 0 1 1 0 0 1 1 
1 0 1 1 0 0 0 1 1 0 0 0 0 0 1 0 0 0 1 0 1 0 0 0 0 0 1 1 0 0 1 1 1 1 1 1 0 0 0 0 1 1 0 0 0 0 0 1 0 1 0 0 1 0 0 1 0 1 0 0 0 1 0 1 0 1 0 1 1 0 0 0 1 0 1 1 0 0 1 0 1 0 0 1 1 1 0 1 0 1 0 1 0 0 0 1 1 0 0 1 0 0 0 1 0 1 1 1 1 0 0 0 1 0 0 1 0 1 0 1 1 1 0 1 1 0 1 0 1 0 0 0 0 1 1 1 1 0 1 0 1 1 0 0 1 0 0 1 0 0 1 0 0 1 0 0 0 0 1 1 1 0 0 1 1 0 0 1 1 0 1 0 1 0 0 1 0 1 0 0 0 1 1 0 1 1 0 0 0 0 0 1 0 0 1 0 0 0 0 1 
0 0 0 1 0 0 0 1 0 0 1 0 1 0 0 0 1 1 1 1 1 1 0 0 0 1 0 1 0 0 0 0 1 0 0 0 1 1 1 1 0 0 0 1 1 0 1 0 0 1 0 1 1 1 1 0 0 0 1 0 1 1 0 1 0 0 0 1 0 0 1 0 1 0 1 1 0 1 1 0 1 0 0 0 1 1 1 0 0 1 1 1 1 0 0 0 1 0 1 1 1 0 1 0 0 1 1 0 1 1 0 0 0 0 1 1 0 0 1 1 0 1 0 1 1 1 1 1 0 1 0 0 0 0 0 0 1 0 0 0 0 0 0 1 1 0 1 1 0 0 1 0 0 0 0 0 0 0 0 0 0 0 1 1 1 1 1 1 0 0 0 1 0 1 0 0 0 0 0 1 0 1 1 0 1 0 1 0 0 1 0 1 0 0 0 1 1 1 0 1 
0 1 0 1 0 0 0 1 1 1 0 0 1 1 1 1 0 1 1 1 1 0 1 0 1 0 1 0 0 0 0 0 1 0 0 1 0 1 0 0 1 1 0 0 1 1 1 1 1 1 1 0 0 1 1 0 0 1 1 1 1 0 0 1 0 0 1 0 0 1 0 0 1 0 0 0 0 1 1 1 1 0 0 0 0 0 1 0 0 0 1 0 0 0 0 1 0 0 0 0 0 1 0 0 0 1 0 0 1 0 0 1 1 0 0 0 0 1 0 0 1 1 1 0 1 1 0 1 0 1 1 0 0 1 1 0 0 1 1 0 0 1 0 0 1 1 1 1 0 1 0 0 0 0 1 0 0 0 0 0 1 1 0 1 1 1 1 0 0 0 1 0 0 0 1 0 0 1 1 0 1 0 0 0 0 0 1 0 1 1 0 1 1 0 1 1 1 0 0 1 
1 0 0 0 0 1 0 0 1 1 0 0 0 1 0 0 1 0 0 0 0 1 1 1 0 0 0 1 1 1 0 0 0 0 0 0 1 0 0 0 0 0 1 1 0 0 0 1 0 1 0 1 1 0 0 0 1 0 1 0 1 0 0 1 1 0 1 1 0 0 1 0 1 0 0 1 0 1 1 0 1 0 0 0 1 0 1 1 0 1 0 0 1 0 0 1 1 1 1 0 1 0 0 1 0 1 0 1 1 1 1 0 1 1 0 1 1 0 0 1 1 1 0 1 1 0 1 0 1 0 0 0 0 1 0 1 0 0 0 1 1 0 0 1 1 0 1 1 0 0 1 1 1 0 0 0 0 0 1 1 0 0 0 1 1 1 0 0 1 0 1 1 0 0 0 0 0 0 0 0 1 1 1 0 0 0 1 0 1 1 0 1 0 1 0 0 1 0 1 0 
0 0 0 0 1 0 1 1 0 0 0 1 0 0 1 0 1 1 0 0 1 0 0 0 0 1 0 0 0 0 0 1 1 0 0 1 0 1 0 0 0 1 0 1 1 0 0 0 0 0 0 1 0 0 1 1 1 0 1 0 1 0 0 0 0 1 1 0 1 0 1 0 1 0 0 1 0 1 0 1 1 0 0 0 1 1 0 0 0 0 0 0 1 0 0 1 0 0 0 0 0 0 0 0 0 0 0 0 1 0 1 0 1 0 0 1 1 1 1 1 1 1 1 1 1 1 1 1 0 1 0 0 1 1 0 0 0 1 0 1 0 1 0 1 0 0 1 0 0 0 1 0 0 0 0 0 0 0 0 0 0 0 0 0 1 1 0 0 0 1 1 1 1 1 0 0 1 0 1 0 1 0 0 1 0 1 1 0 1 0 0 0 1 1 0 0 0 0 1 1 
0 1 1 1 1 0 1 0 1 0 0 0 1 0 0 0 0 1 0 1 1 0 0 1 0 0 0 0 0 1 0 0 0 0 0 0 1 0 1 0 1 1 1 0 1 1 1 0 0 0 1 1 0 0 1 0 1 0 0 1 1 0 1 1 0 1 1 0 0 0 0 1 1 1 0 0 0 0 1 0 1 0 0 0 1 0 1 0 0 0 0 0 0 0 1 0 1 1 0 1 1 0 0 0 0 1 1 0 1 1 0 1 0 1 1 1 1 0 1 0 1 1 1 0 0 0 1 0 1 0 0 1 0 1 0 1 1 0 0 1 1 1 0 0 1 0 0 0 1 0 0 1 0 0 0 1 0 0 0 0 1 0 0 0 0 0 1 0 0 0 1 1 0 0 1 0 0 1 1 1 1 0 0 1 1 1 1 1 1 1 0 0 0 1 1 0 1 0 0 0 
0 0 0 1 0 0 0 0 1 1 1 1 1 1 1 1 0 1 1 1 0 1 1 0 0 1 0 0 0 0 1 0 1 0 0 0 0 0 0 0 0 0 0 0 0 1 1 0 0 0 0 1 1 1 1 1 1 0 0 1 1 0 1 1 1 0 1 1 0 0 1 0 0 0 1 0 1 1 0 0 0 0 0 0 1 1 1 0 1 0 1 1 1 0 0 1 0 1 0 1 1 1 0 1 0 0 0 1 1 1 0 0 1 0 0 1 0 1 1 1 1 1 1 0 1 0 0 1 0 1 0 1 1 1 0 1 0 0 0 1 0 1 0 0 1 1 0 1 0 0 1 0 1 0 0 1 0 0 0 1 1 0 0 0 1 0 0 0 1 1 0 1 0 0 1 0 0 0 0 0 1 1 0 1 1 1 0 0 0 1 0 0 0 0 0 0 1 1 0 1 
0 0 1 0 1 0 1 0 0 0 1 1 0 1 1 0 0 0 0 1 1 1 0 0 1 0 0 1 0 0 0 0 0 0 0 0 1 1 1 0 0 1 0 1 0 1 1 0 1 0 0 1 0 0 1 0 1 0 0 1 0 1 0 1 0 1 0 1 1 0 0 1 1 0 1 0 0 0 0 0 1 0 0 0 1 1 1 1 0 1 0 1 0 1 0 1 1 1 1 0 1 0 0 1 1 1 1 1 0 1 0 1 0 1 0 1 0 1 0 1 1 0 0 1 1 0 0 1 0 0 0 0 1 0 1 1 1 0 0 1 0 0 0 1 0 0 1 1 1 0 1 0 1 0 0 0 0 0 0 0 0 0 1 1 0 1 1 0 1 0 0 0 0 1 1 1 0 0 0 0 1 0 1 0 1 1 0 0 1 1 0 0 0 0 0 1 1 1 0 1 
0 0 1 1 0 0 0 0 1 0 0 1 1 0 0 0 0 0 0 0 0 0 1 0 0 0 0 0 0 1 0 1 1 1 0 0 1 0 0 0 1 0 0 1 0 1 1 1 0 1 0 1 1 0 1 0 1 0 1 0 1 0 1 0 0 1 0 0 0 0 0 0 1 1 0 1 0 1 0 0 0 0 0 0 0 0 1 1 1 0 1 0 1 0 0 1 1 0 0 1 0 1 0 1 1 0 0 0 1 1 1 0 0 1 0 0 0 1 1 0 1 1 1 1 0 1 0 1 0 0 0 0 0 0 1 0 0 1 0 0 1 1 0 1 0 0 0 0 1 0 0 0 1 0 0 0 0 1 1 1 0 0 0 1 1 0 0 1 1 0 1 1 0 0 0 0 0 1 0 0 1 0 0 0 0 1 1 0 1 1 1 1 0 1 0 0 0 0 0 0 
0 0 1 0 0 0 0 1 1 0 0 0 1 1 0 0 1 1 1 1 1 0 1 1 0 0 0 0 0 0 0 0 0 0 1 0 0 0 0 0 1 0 0 1 1 0 0 0 0 0 1 0 1 0 1 1 1 1 0 0 0 0 1 0 0 0 1 1 1 0 0 0 1 0 0 0 0 0 1 0 0 1 0 0 1 0 0 0 1 0 0 1 0 0 1 1 1 0 0 1 0 0 0 0 0 0 0 1 1 0 1 1 1 0 1 0 0 1 1 0 1 0 1 1 0 1 1 1 0 1 0 0 0 1 1 1 0 0 1 0 0 0 1 1 1 0 1 0 1 0 0 1 1 1 0 0 0 1 1 0 0 1 1 1 1 1 0 0 0 1 1 0 0 1 1 0 0 1 0 0 0 1 0 1 1 1 1 0 0 0 0 1 0 0 0 0 0 1 0 1 
0 1 0 1 0 0 1 1 1 1 1 0 0 1 0 0 0 0 1 0 1 1 1 0 0 0 0 1 1 0 0 0 0 0 1 0 0 0 1 0 1 0 0 1 1 0 1 1 0 0 0 0 0 1 0 0 1 1 0 1 1 0 0 0 1 0 1 0 0 1 1 0 1 0 1 1 0 1 1 0 0 0 0 0 1 0 0 0 1 0 1 0 1 0 0 1 1 0 1 1 1 0 0 1 0 1 0 1 0 1 0 0 1 0 0 0 0 0 0 1 1 0 0 0 1 0 1 1 0 1 1 0 1 0 1 0 0 1 0 0 0 0 1 1 0 0 0 1 1 1 0 0 1 0 0 1 0 1 1 1 1 0 1 0 0 0 0 0 1 1 1 1 1 0 0 0 1 1 0 1 0 1 1 0 1 0 1 0 0 0 0 0 0 0 1 0 0 1 0 0 
1 0 1 0 0 1 0 1 0 0 1 0 0 0 1 1 1 1 1 1 1 1 0 0 1 0 0 0 1 1 0 0 1 1 0 1 0 1 1 0 1 0 0 0 0 1 0 0 0 1 1 1 1 0 0 1 1 1 1 1 1 0 1 1 0 1 1 1 1 0 1 0 1 1 0 1 0 1 0 0 0 0 0 1 1 0 0 1 1 0 1 1 1 0 1 0 1 1 0 1 1 0 0 0 0 1 0 0 1 1 1 1 0 0 0 1 0 0 1 0 0 0 1 0 0 1 1 0 0 0 1 0 0 0 1 0 0 1 0 0 0 0 0 1 1 1 0 1 0 0 1 0 0 0 0 0 0 0 1 0 0 0 0 1 1 1 0 0 1 1 0 0 0 1 0 0 1 1 0 0 0 1 0 0 1 0 1 0 1 0 1 1 0 1 1 0 0 0 0 0 
0 0 1 1 0 0 1 1 1 0 0 1 0 1 0 0 1 1 1 0 1 1 1 0 1 1 0 0 0 0 0 0 1 0 0 1 1 0 0 0 1 1 0 0 0 1 1 0 1 1 0 0 0 0 1 0 1 1 0 0 0 0 0 0 0 0 1 0 0 0 0 0 1 0 1 1 0 1 0 0 1 0 1 0 1 1 0 0 0 1 0 1 1 0 0 1 1 0 0 0 1 0 0 1 1 0 0 1 1 0 0 0 1 0 0 1 0 0 0 1 1 1 1 1 1 0 1 0 0 0 1 0 0 1 1 0 0 0 0 0 0 1 0 1 1 1 0 1 1 1 0 0 1 0 1 1 0 0 1 0 1 0 1 1 0 1 0 1 1 1 1 0 1 0 0 0 1 0 0 0 0 1 1 0 0 0 1 0 1 1 0 0 0 0 1 0 1 1 1 0 
0 1 0 1 0 0 0 1 1 1 0 0 1 0 0 0 0 1 0 1 0 1 0 0 0 1 1 0 0 0 0 0 1 0 0 0 1 0 1 0 1 1 0 1 1 0 0 0 1 0 1 0 1 0 1 1 0 0 1 1 1 0 0 0 0 1 1 0 0 0 1 1 0 1 0 1 0 1 1 1 1 0 0 0 1 1 0 0 1 1 0 1 0 0 1 1 1 1 1 1 1 1 0 0 0 0 0 1 1 1 1 1 1 1 0 0 1 0 1 0 1 0 1 0 0 0 0 1 1 0 0 0 0 0 0 0 0 0 0 1 0 0 0 0 1 0 1 1 0 0 0 0 1 0 1 0 0 0 1 1 0 0 0 0 1 1 0 1 1 0 1 0 0 1 1 0 0 0 0 0 0 0 0 0 0 0 0 0 1 0 0 1 1 0 1 0 0 0 0 1 
0 1 1 1 0 0 1 1 0 1 0 0 1 1 1 0 0 0 1 1 1 0 0 1 0 0 1 1 0 0 1 0 1 0 0 0 1 0 1 1 0 0 0 1 1 0 1 1 0 1 0 0 0 0 0 1 0 0 0 1 0 0 1 1 0 0 1 0 0 1 1 1 1 0 1 1 1 0 1 0 0 0 0 0 0 1 1 1 1 1 1 0 1 0 0 0 1 1 0 0 1 1 1 1 0 1 0 0 1 0 1 1 1 0 0 1 0 1 0 1 0 1 1 0 0 0 1 0 0 1 0 1 0 1 1 0 0 0 1 1 0 0 0 1 0 0 0 1 0 0 0 1 1 0 1 0 0 0 1 0 1 1 1 1 0 1 1 0 0 0 0 1 0 0 1 0 0 0 0 1 0 1 0 0 0 1 1 0 1 0 1 1 0 0 0 1 1 1 1 1 
0 0 1 1 0 1 0 1 1 1 0 0 1 1 1 0 0 1 1 0 1 1 0 0 1 0 1 1 0 0 0 0 0 0 0 0 1 1 0 0 1 1 0 1 0 1 0 1 0 0 0 1 0 0 1 0 1 1 1 1 1 1 1 1 0 0 0 0 0 0 1 0 0 0 1 1 0 0 1 0 1 0 0 0 1 0 0 1 1 1 1 1 1 1 0 0 1 1 1 0 1 0 0 0 1 0 0 1 1 0 0 0 1 0 1 1 0 0 0 0 1 0 0 1 0 0 1 1 1 1 0 0 1 0 0 1 0 0 0 0 1 0 0 0 0 0 0 1 0 0 0 1 1 0 0 1 1 0 1 1 0 0 1 0 1 1 0 1 0 0 0 1 0 0 1 0 0 1 0 1 0 1 1 0 0 1 1 0 1 1 0 1 0 1 0 0 1 1 0 1 
0 1 0 1 0 1 0 1 0 1 0 0 0 0 0 1 0 1 0 1 1 1 0 0 1 0 0 0 0 0 0 0 1 1 0 0 1 0 1 0 1 0 0 1 1 1 0 1 1 0 0 1 1 0 0 0 1 0 0 0 0 0 0 1 0 0 1 0 0 0 1 1 0 0 0 1 0 1 1 0 0 0 0 0 0 1 0 0 0 0 1 1 0 0 0 1 0 0 0 1 1 0 0 0 0 1 0 1 0 1 1 0 1 0 0 0 1 0 1 1 1 1 0 0 1 0 1 1 0 0 0 1 0 1 0 0 0 1 0 0 0 1 0 1 1 0 0 1 0 0 1 1 1 1 0 1 0 1 1 1 0 0 0 1 1 1 1 0 1 0 1 1 0 1 0 0 0 1 0 0 1 1 0 0 0 1 0 0 0 1 0 0 0 1 1 0 1 1 1 1 
0 1 0 0 0 0 0 1 0 0 0 1 1 0 0 0 1 1 0 1 1 1 0 0 0 0 0 0 0 0 0 0 1 0 0 0 1 0 1 0 1 1 0 1 0 0 0 1 1 0 0 0 0 1 1 1 0 0 1 1 1 0 0 1 0 1 1 0 1 0 1 0 1 1 0 1 1 0 1 0 0 0 0 0 0 0 0 0 0 1 0 0 0 0 0 1 1 1 0 1 1 0 0 0 0 1 0 0 0 1 0 0 1 1 0 1 1 1 0 1 1 0 0 1 1 1 1 1 0 0 0 0 0 0 0 0 1 0 0 1 1 0 0 0 1 0 1 0 1 1 0 0 0 1 1 1 0 0 0 0 0 0 0 0 1 0 1 1 1 1 1 0 0 1 0 0 1 1 0 1 1 1 0 1 1 1 1 0 1 1 0 0 0 0 0 0 0 1 0 1 
1 1 1 1 0 1 1 1 1 1 1 0 0 0 1 0 0 0 0 1 1 1 0 0 1 1 0 0 0 0 1 0 1 0 0 0 0 0 1 0 0 0 1 1 0 1 1 0 0 1 0 1 0 0 1 0 0 0 1 1 1 0 1 0 0 0 1 0 0 0 1 0 1 1 0 1 1 0 0 1 0 0 0 0 1 0 0 1 1 0 0 1 1 0 1 0 0 0 0 0 0 0 0 1 0 0 0 1 0 1 0 1 1 0 0 1 0 0 1 0 1 1 1 1 1 1 1 0 0 1 0 0 0 0 0 0 1 0 0 1 1 0 0 0 1 0 0 0 1 1 1 1 1 0 0 0 0 0 1 1 0 0 0 1 1 0 0 0 0 0 0 1 1 1 0 0 0 1 0 0 0 0 0 0 0 0 0 0 1 1 0 1 0 0 1 0 0 1 0 0 
0 0 0 0 0 0 1 1 0 1 0 0 0 1 0 0 0 1 1 1 0 1 0 0 0 1 1 1 0 1 0 0 0 0 0 0 1 0 0 0 1 0 0 1 1 0 1 1 1 1 0 1 1 0 1 0 1 1 1 0 1 1 1 0 0 1 1 1 0 0 0 0 0 0 0 0 0 1 1 1 0 0 0 0 0 1 1 1 0 0 0 0 1 0 0 1 0 0 1 0 1 0 0 0 0 0 1 0 1 1 0 0 1 0 0 0 0 0 1 1 0 0 1 1 0 0 1 1 0 1 0 0 0 1 0 1 0 0 0 1 1 0 1 1 0 1 1 0 1 0 1 1 1 0 0 0 0 0 1 0 0 0 0 1 1 1 1 0 0 0 0 1 0 0 0 0 0 1 1 1 0 1 0 0 0 1 1 0 0 1 0 0 0 1 0 0 0 0 0 0 
0 1 0 0 0 0 0 1 1 0 1 1 0 0 0 0 0 1 0 1 0 1 0 0 1 0 1 1 0 0 0 1 0 0 0 0 1 0 0 0 1 1 1 0 1 0 1 1 0 0 0 1 1 0 0 0 1 0 1 0 0 0 1 0 1 1 1 0 0 0 0 0 1 1 0 1 0 1 0 1 1 0 0 0 0 1 1 0 0 0 0 1 0 0 1 1 1 0 0 1 0 0 0 0 0 0 0 0 1 0 0 0 1 0 0 0 0 1 1 1 1 0 1 0 1 1 0 0 0 0 0 0 0 1 1 0 0 1 0 1 1 1 1 1 1 0 0 1 0 1 0 0 1 0 0 1 1 0 1 0 1 0 0 0 0 1 1 1 1 0 1 1 0 0 0 0 1 1 0 1 0 0 1 0 1 1 0 1 0 0 0 1 1 0 0 0 0 1 0 1 
0 1 0 1 1 1 1 0 1 0 1 1 0 1 0 0 0 0 0 0 1 0 0 0 1 0 1 0 1 1 1 1 1 1 1 1 0 1 1 1 0 0 0 1 0 0 0 1 1 0 1 1 1 1 1 0 0 0 1 1 1 1 0 1 1 0 0 0 0 0 0 0 1 0 1 1 1 1 0 0 1 1 1 1 1 0 1 1 1 1 0 0 0 1 0 1 1 0 0 0 1 1 1 1 0 1 1 0 1 1 0 0 1 0 0 0 1 0 0 0 0 1 1 1 1 1 1 1 1 0 1 1 1 1 1 1 0 0 0 0 0 1 1 0 1 0 1 0 0 1 0 1 1 1 1 0 1 0 0 0 0 1 1 0 0 1 0 0 1 0 0 1 1 0 0 0 0 0 0 0 1 0 1 0 1 0 0 1 0 0 1 0 1 0 0 0 0 0 1 0 

24 52 
71 143 
9 171 
97 35 
93 178 
81 173 
128 60 
6 17 
9 45 
102 194 
151 117 

