12
30
3
5

12 6 4 7 17 9 17 13 17 2 3 16 
0 29 10 
1 3 3 2 3 3 3 3 5 5 5 4 5 1 4 1 5 2 1 4 5 4 5 1 3 4 2 5 2 5 
0 2 1 0 2 2 0 2 2 1 0 0 1 2 0 2 1 2 0 1 2 1 0 0 2 1 1 1 1 1 

0 0 0 0 0 0 0 0 0 1 1 1 0 0 0 0 1 1 1 0 1 0 0 1 1 0 1 0 1 1 
0 0 0 0 0 1 1 1 1 1 0 0 1 0 0 1 1 1 0 0 0 0 1 1 1 1 1 0 1 0 
0 0 0 0 1 1 0 0 0 1 0 0 1 1 1 0 1 0 0 0 0 1 0 1 0 0 0 0 0 0 
1 0 0 1 0 0 0 0 0 1 0 0 1 0 0 1 0 1 0 1 0 1 1 1 1 0 0 1 1 1 
0 0 0 0 1 0 0 0 0 0 0 0 0 0 0 1 0 0 0 0 1 1 0 1 0 0 0 0 0 1 
1 1 0 0 1 0 0 0 1 1 0 0 0 0 0 0 0 1 0 1 1 0 1 0 1 0 0 1 1 1 
0 1 1 0 0 0 0 0 0 0 0 1 0 0 1 1 0 0 0 0 0 1 1 1 0 0 1 0 0 1 
0 0 0 0 1 0 1 1 0 0 1 0 0 0 0 1 0 0 0 0 1 1 0 1 1 0 1 0 0 0 
0 1 0 0 0 0 1 0 0 1 0 0 1 0 1 0 1 1 0 0 0 0 1 1 1 0 1 1 1 1 
1 0 0 0 0 0 0 0 0 1 0 1 0 0 1 1 0 0 0 1 0 0 1 1 1 0 1 0 1 1 
0 0 1 0 0 0 0 1 1 1 1 0 1 0 0 0 0 1 1 1 0 1 1 0 0 0 0 0 1 1 
1 1 1 0 1 1 1 0 1 1 1 0 0 1 0 0 0 0 1 0 0 1 0 0 1 1 0 1 0 0 

5 24 
18 28 
17 12 
16 7 
17 25 

